;011 드랍 ver 05 - 조합아이템 드롭 확률 조정
;010 드랍 ver 05 - 금강 방어구 시리즈와 금강, 고대 무기 드랍률 조정 20060414
;009 드랍 ver 04 - 나무상자 자모전 드롭 확률 50% 하락 20060403
;008 드랍 ver 04 - 어르신드랍 수정. 20060206
;007 드랍 ver 04 - 설날이벤트 아이템(868~878) 확률 조정. 드랍군 버젼 0.4 20060127
;006 드랍 ver 04 - 설날이벤트 아이템(868~878) 드롭 추가. 드랍군 버젼 0.4 20060120
;005 드랍 ver.03 - 시나리오2 태후 드랍군 수정. 80:14:6 (돈:50방:55방) + 60방 하나. 20번 드랍. 20060111
;004 드랍 ver.03 - 53무기, 50방어구, 56무기 드랍률 수정완료. 시나리오2 드랍군 추가 완료. 보스는 제외 20051227
;003 드랍 ver.03 - 53무기, 50방어구, 56무기 드랍률 수정중. ver.02 작업 이어 받음. 20051222
;002 드랍 ver.02 - 56무기 드랍률 수정중. 20051213
;001 드랍 ver.01 - 53무기, 50방어구 드랍률 수정. 20051213

;group A
(group (index 101) (money (920 200)) (item (960 443 0) (1000 47 0)))
(group (index 102) (money (860 300)) (item (900 443 0) (920 2 0) (940 23 0) (960 91 0) (1000 47 0)))
(group (index 103) (money (857 300)) (item (897 443 0) (918 2 0) (939 23 0) (960 91 0) (1000 47 0)))
(group (index 104) (money (848 400)) (item (888 443 0) (928 47 0) (952 2 0) (976 23 0) (1000 91 0)))
(group (index 105) (money (881 600)) (item (921 443 0) (934 6 0) (947 32 0) (960 70 0) (1000 47 0)))
(group (index 106) (money (879 800)) (item (919 443 0) (923 3 0) (925 92 0) (985 47 0) (987 6 0) (989 7 0) (991 8 0) (993 9 0)
					(995 10 0) (996 70 0) (997 71 0) (998 72 0) (999 73 0) (1000 74 0)))
(group (index 107) (money (979 800)) (item (919 443 0) (923 24 0) (925 92 0) (985 47 0) (987 32 0) (989 33 0) (991 34 0) (993 35 0)
					(995 36 0) (996 70 0) (997 71 0) (998 72 0) (999 73 0) (1000 74 0)))
(group (index 108) (money (895 1000)) (item (925 443 0) (985 47 0) (990 3 0) (995 24 0) (1000 92 0)))
(group (index 109) (money (900 900)) (item (940 443 0) (1000 47 0)))
(group (index 110) (money (828 1100)) (item (868 443 0) (870 93 0) (990 47 0) (992 70 0) (994 71 0) (996 72 0) (998 73 0) (1000 74 0)))
(group (index 111) (money (468 1200)) (item (868 171 0) (870 4 0) (990 47 0) (992 6 0) (994 7 0) (996 8 0) (998 9 0) (1000 10 0)))
(group (index 112) (money (468 1300)) (item (868 171 0) (870 25 0) (990 47 0) (992 32 0) (994 33 0) (996 34 0) (998 35 0) (1000 36 0)))
(group (index 113) (money (773 1500)) (item (853 443 0) (993 47 0) (995 93 0) (996 75 0) (997 76 0) (998 77 0) (999 78 0) (1000 79 0)))
(group (index 114) (money (453 1600)) (item (853 173 0) (855 25 0) (856 37 0) (857 38 0) (858 39 0) (859 40 0) (860 41 0) (1000 47 0)))
(group (index 115) (money (453 1700)) (item (853 173 0) (855 4 0) (856 11 0) (857 12 0) (858 13 0) (859 14 0) (860 15 0) (1000 47 0)))
(group (index 116) (money (449 2000)) (item (769 174 0) (849 443 0) (850 5 0) (990 47 0) (992 11 0) (994 12 0) (996 13 0) (998 14 0) (1000 15 0)))
(group (index 117) (money (449 2000)) (item (769 175 0) (849 443 0) (850 26 0) (990 47 0) (992 37 0) (994 38 0) (996 39 0) (998 40 0) (1000 41 0)))
(group (index 118) (money (449 2200)) (item (769 176 0) (849 443 0) (850 94 0) (930 47 0) (990 48 0)
					(992 75 0) (994 76 0) (996 77 0) (998 78 0) (1000 79 0)))
(group (index 119) (money (444 2400)) (item (764 177 0) (844 443 0) (934 47 0) (994 48 0) (996 5 0) (998 26 0) (1000 94 0)))
(group (index 120) (money (421 2400)) (item (741 178 0) (821 443 0) (921 47 0) (991 48 0) (992 59 0) (993 62 0) (994 95 0)
					(995 16 0) (996 17 0) (997 42 0) (998 43 0) (999 80 0) (1000 81 0)))
(group (index 121) (money (464 2500)) (item (864 162 0) (944 47 0) (994 48 0) (996 59 0) (998 62 0) (1000 95 0)))
(group (index 122) (money (443 2600)) (item (763 179 0) (843 443 0) (845 96 0) (846 80 0) (847 81 0) (848 82 0)
					(849 83 0) (850 84 0) (930 47 0) (1000 48 0)))
(group (index 123) (money (443 2700)) (item (843 162 0) (845 27 0) (846 42 0) (847 43 0) (848 44 0)
					(849 45 0) (850 46 0) (950 47 0) (1000 48 0)))
(group (index 124) (money (443 2800)) (item (763 180 9) (843 443 0) (845 21 0) (846 16 0) (847 17 0) (848 18 0)
					(849 19 0) (850 20 0) (950 47 0) (1000 48 0)))
(group (index 125) (money (474 2900)) (item (874 162 0) (964 47 0) (994 48 0) (996 21 0) (998 27 0) (1000 96 0)))
(group (index 126) (money (477 3000)) (item (797 163 0) (877 443 0) (967 47 0) (997 48 0) (998 60 0) (999 63 0) (1000 97 0)))
(group (index 127) (money (531 4800)) (item (851 181 0) (931 443 0) (991 48 0) (994 60 0) (997 63 0) (1000 97 0)))
(group (index 128) (money (931 5200)) (item (991 48 0) (994 61 0) (997 64 0) (1000 98 0)))
(group (index 129) (money (835 3300)) (item (839 97 0) (840 98 0) (880 48 0) (1000 48 0)))
(group (index 130) (money (835 3600)) (item (839 60 0) (840 61 0) (880 48 0) (1000 48 0)))
(group (index 131) (money (835 3900)) (item (839 63 0) (840 64 0) (880 48 0) (1000 48 0)))
(group (index 132) (money (745 4200)) (item (746 49 0) (747 50 0) (748 51 0) (749 52 0) (750 53 0) (800 48 0) (1000 48 0)))
(group (index 133) (money (745 4500)) (item (746 54 0) (747 55 0) (748 56 0) (749 57 0) (750 58 0) (800 48 0) (1000 48 0)))
(group (index 134) (money (745 4800)) (item (746 85 0) (747 86 0) (748 87 0) (749 88 0) (750 89 0) (800 48 0) (1000 48 0)))
(group (index 135) (money (585 5400)) (item (586 49 0) (587 50 0) (588 51 0) (589 52 0) (590 53 0) (591 54 0)
					(592 55 0) (593 56 0) (594 57 0) (595 58 0) (596 85 0) (597 86 0)
					(598 87 0) (599 88 0) (600 89 0) (700 48 0) (1000 48 0)))
(group (index 136) (money (500 5000)) (item (880 227 0) (1000 443 0)))
(group (index 137) (money (348 5100)) (item (598 228 0) (748 443 0) (750 111 0) (800 48 0) (1000 48 0)))
(group (index 138) (money (348 5400)) (item (598 229 0) (748 443 0) (750 105 0) (800 48 0) (1000 48 0)))
(group (index 139) (money (348 5800)) (item (598 230 0) (748 443 0) (750 99 0) (800 48 0) (1000 48 0)))
(group (index 140) (money (341 6200)) (item (591 231 0) (741 443 0) (743 99 0) (745 105 0) (747 111 0) (748 100 0)
					(749 106 0) (750 112 0) (800 48 0) (1000 48 0)))
(group (index 141) (money (294 9200)) (item (534 232 0) (594 443 0) (595 101 0) (596 107 0) (597 113 0) (598 102 0)
					(599 108 0) (600 114 0) (700 48 0) (1000 48 0)))
(group (index 142) (money (285 5400)) (item (485 233 0) (585 443 0) (586 117 0) (587 118 0) (588 119 0) (589 120 0) (590 121 0) (591 122 0)
					(592 123 0) (593 124 0) (594 125 0) (595 126 0) (596 127 0) (597 128 0)
					(598 129 0) (599 130 0) (600 131 0) (700 48 0) (1000 48 0)))
(group (index 143) (money (650 7400)) (item (710 48 0) (740 443 0)))
(group (index 144) (money (650 7500)) (item (710 48 0) (740 443 0)))
(group (index 145) (money (650 7600)) (item (710 48 0) (740 443 0)))
(group (index 146) (money (650 7700)) (item (710 48 0) (740 443 0)))
(group (index 147) (money (650 7800)) (item (710 48 0) (740 443 0)))
(group (index 148) (money (650 7900)) (item (710 48 0) (740 443 0)))
(group (index 149) (money (650 8000)) (item (710 48 0) (740 443 0)))
(group (index 150) (money (650 12400)) (item (710 48 0) (740 443 0)))
(group (index 151) (money (650 12600)) (item (710 48 0) (740 443 0)))
(group (index 152) (money (650 12800)) (item (710 48 0) (740 443 0)))
(group (index 153) (money (650 13000)) (item (710 48 0) (740 443 0)))
(group (index 154) (money (650 13200)) (item (710 48 0) (740 443 0)))
(group (index 155) (money (650 13400)) (item (710 48 0) (740 443 0)))
(group (index 156) (money (650 13600)) (item (710 48 0) (740 443 0)))
(group (index 157) (money (650 14600)) (item (720 48 0) (750 443 0)))
(group (index 158) (money (650 14800)) (item (720 48 0) (750 443 0)))
(group (index 159) (money (650 15000)) (item (720 48 0) (750 443 0)))
(group (index 160) (money (650 15200)) (item (720 48 0) (750 443 0)))
(group (index 161) (money (650 15400)) (item (720 48 0) (750 443 0)))
(group (index 162) (money (650 15600)) (item (720 48 0) (750 443 0)))
(group (index 163) (money (650 15800)) (item (720 48 0) (750 443 0)))
(group (index 164) (money (650 16000)) (item (720 48 0) (750 443 0)))
(group (index 165) (money (650 16200)) (item (720 48 0) (750 443 0)))
(group (index 166) (money (750 19600)) (item (800 48 0)))
(group (index 167) (money (750 21400)) (item (800 48 0)))
(group (index 168) (money (750 23200)) (item (800 48 0)))
(group (index 169) (money (750 25000)) (item (800 48 0)))
(group (index 170) (money (750 30400)) (item (800 48 0)))
(group (index 171) (money (750 32800)) (item (800 48 0)))
(group (index 172) (money (650 15400)) (item (720 48 0)))
(group (index 173) (money (650 15600)) (item (720 48 0)))
(group (index 174) (money (650 16000)) (item (720 48 0)))
(group (index 175) (money (750 22000)) (item (800 48 0)))
(group (index 176) (money (750 22600)) (item (800 48 0)))
(group (index 177) (money (750 23200)) (item (800 48 0)))
(group (index 178) (money (750 23800)) (item (800 48 0)))
(group (index 179) (money (750 24400)) (item (800 48 0)))
(group (index 180) (money (750 25000)) (item (800 48 0)))
(group (index 181) (money (750 25600)) (item (800 48 0)))
(group (index 182) (money (800 28000)))
(group (index 183) (money (800 33400)))
(group (index 184) (money (800 36200)))
(group (index 185) (money (800 39000)))
(group (index 186) (money (800 41800)))
(group (index 187) (money (650 13600)) (item (710 48) (740 443)))
(group (index 188) (money (650 13800)) (item (710 48) (740 443)))
(group (index 189) (money (650 14000)) (item (710 48) (740 443)))
(group (index 190) (money (650 14300)) (item (710 48) (740 443)))
(group (index 191) (money (650 14500)) (item (710 48) (740 443)))
(group (index 192) (money (650 14700)) (item (710 48) (740 443)))
(group (index 193) (money (650 14900)) (item (710 48) (740 443)))
(group (index 194) (money (800 20300)) (item (803 641) (806 642)))
(group (index 195) (money (800 20600)) (item (803 641) (806 642)))
(group (index 196) (money (800 20900)) (item (803 641) (806 642)))
(group (index 197) (money (800 21200)) (item (803 641) (806 642)))
(group (index 198) (money (800 21500)) (item (803 641) (806 642)))
(group (index 199) (money (800 21800)) (item (803 641) (806 642)))
(group (index 2000) (money (800 22100)) (item (803 641) (806 642)))
(group (index 2001) (money (800 22400)) (item (803 642) (806 643)))
(group (index 2002) (money (800 22700)) (item (803 642) (806 643)))
(group (index 2003) (money (800 23000)) (item (803 642) (806 643)))
(group (index 2004) (money (800 22300)) (item (803 642) (806 643)))
(group (index 2005) (money (800 22600)) (item (803 642) (806 643)))
(group (index 2006) (money (800 22900)) (item (803 642) (806 643)))
(group (index 2007) (money (800 23200)) (item (803 642) (806 643)))
(group (index 2008) (money (800 23500)) (item (803 642) (806 643)))
(group (index 2009) (money (800 23800)) (item (803 642) (806 643)))
(group (index 2010) (money (800 24100)) (item (803 643) (806 644)))
(group (index 2011) (money (800 24400)) (item (803 643) (806 644)))
(group (index 2012) (money (800 24700)) (item (803 643) (806 644)))
(group (index 2013) (money (800 24400)) (item (803 643) (806 644)))
(group (index 2014) (money (800 24700)) (item (803 643) (806 644)))
(group (index 2015) (money (800 25000)) (item (803 643) (806 644)))
(group (index 2016) (money (800 25000)) (item (803 643) (806 644)))
(group (index 2017) (money (800 25300)) (item (803 643) (806 644)))
(group (index 2018) (money (800 25600)) (item (803 643) (806 644)))
(group (index 2019) (money (800 25900)) (item (803 644) (806 645)))
(group (index 2020) (money (800 26400)) (item (803 644) (806 645)))
(group (index 2021) (money (800 26900)) (item (803 644) (806 645)))
(group (index 2022) (money (800 28800)) (item (803 644) (806 645)))
(group (index 2023) (money (800 29000)) (item (803 644) (806 645)))
(group (index 2024) (money (800 29200)) (item (803 644) (806 645)))
(group (index 2025) (money (800 29400)) (item (803 644) (806 645)))
(group (index 2026) (money (800 29600)) (item (803 644) (806 645)))
(group (index 2027) (money (800 29800)) (item (803 644) (806 645)))
(group (index 2028) (money (800 29600)) (item (803 645) (805 646)))
(group (index 2029) (money (800 29800)) (item (803 645) (805 646)))
(group (index 2030) (money (800 30000)) (item (803 645) (805 646)))
(group (index 2031) (money (800 30200)) (item (803 645) (805 646)))
(group (index 2032) (money (800 30000)) (item (803 645) (805 646)))
(group (index 2033) (money (800 30200)) (item (803 645) (805 646)))
(group (index 2034) (money (800 30400)) (item (803 645) (805 646)))
(group (index 2035) (money (800 30600)) (item (820 646) (821 647)))
(group (index 2036) (money (800 30800)) (item (820 646) (821 647)))
(group (index 2037) (money (800 31000)) (item (820 646) (821 647)))
(group (index 2038) (money (800 31200)) (item (820 646) (821 647)))
(group (index 2039) (money (800 31400)) (item (820 646) (821 647)))
(group (index 2040) (money (800 31600)) (item (820 646) (821 647)))
(group (index 2041) (money (800 31400)) (item (802 647) (803 648)))
(group (index 2042) (money (800 31600)) (item (802 647) (803 648)))
(group (index 2043) (money (800 31800)) (item (802 647) (803 648)))
(group (index 2044) (money (800 31600)) (item (802 647) (803 648)))
(group (index 2045) (money (800 31800)) (item (802 647) (803 648)))
(group (index 2046) (money (800 32000)) (item (802 647) (803 648)))
(group (index 2048) (money (800 50000)))
(group (index 2047) (money (610 1000000)) (item (640 802 0) (670 803 0) (700 804 0) (730 805 0) (760 806 0) (790 807 0)
					(820 808 0) (850 809 0) (880 810 0) (910 811 0) (940 812 0) (970 813 0) (1000 431 0)))
(group (index 2049) (money (880 150000)) (item (890 814 0) (900 815 0) (910 816 0) (920 817 0) (930 818 0) (940 819 0)
					(950 820 0) (960 821 0) (970 822 0) (980 823 0) (990 824 0) (1000 825 0)))
(group (index 2050) (money (775 150000)) (item (790 715 0) (805 716 0) (820 717 0) (835 718 0) (850 719 0) (865 720 0)
					(880 721 0) (895 722 0) (910 723 0) (925 724 0) (940 725 0) (955 726 0)
					(970 727 0) (985 728 0) (1000 729 0)))
(group (index 2051) (money (940 200000)) (item (945 856 0) (950 857 0) (955 858 0) (960 859 0) (965 860 0) (970 861 0)
					(975 862 0) (980 863 0) (985 864 0) (990 865 0) (995 866 0) (1000 867 0)))
(group (index 2052) (money (900 20300)))
(group (index 2053) (money (900 20600)))
(group (index 2054) (money (900 20900)))
(group (index 2055) (money (900 20900)))
(group (index 2056) (money (900 21200)))
(group (index 2057) (money (900 21500)))
(group (index 2058) (money (900 21500)))
(group (index 2059) (money (900 21800)))
(group (index 2060) (money (900 22100)))
(group (index 2061) (money (900 22400)))
(group (index 2062) (money (900 22700)))
(group (index 2063) (money (900 23000)))
(group (index 2064) (money (900 22300)))
(group (index 2065) (money (900 22600)))
(group (index 2066) (money (900 22900)))
(group (index 2067) (money (900 23200)))
(group (index 2068) (money (900 23500)))
(group (index 2069) (money (900 23800)))
(group (index 2070) (money (900 24100)))
(group (index 2071) (money (900 24400)))
(group (index 2072) (money (900 24700)))
(group (index 2073) (money (900 24400)))
(group (index 2074) (money (900 24700)))
(group (index 2075) (money (900 25000)))
(group (index 2076) (money (900 25000)))
(group (index 2077) (money (900 25300)))
(group (index 2078) (money (900 25600)))
(group (index 2079) (money (900 25900)))
(group (index 2080) (money (900 26400)))
(group (index 2081) (money (900 26900)))
(group (index 2082) (money (900 28800)))
(group (index 2083) (money (900 29000)))
(group (index 2084) (money (900 29200)))
(group (index 2085) (money (900 29400)))
(group (index 2086) (money (900 29600)))
(group (index 2087) (money (900 29800)))
(group (index 2088) (money (900 29600)))
(group (index 2089) (money (900 29800)))
(group (index 2090) (money (900 30000)))
(group (index 2091) (money (900 30200)))
(group (index 2092) (money (900 30000)))
(group (index 2093) (money (900 30200)))
(group (index 2094) (money (900 30000)))
(group (index 2095) (money (900 30200)))
(group (index 2096) (money (900 30400)))
(group (index 2097) (money (900 30600)))
(group (index 2098) (money (900 30800)))
(group (index 2099) (money (900 31000)))
(group (index 2100) (money (900 31200)))
(group (index 2101) (money (900 31400)))
(group (index 2102) (money (900 31600)))
(group (index 2103) (money (900 31400)))
(group (index 2104) (money (900 31600)))
(group (index 2105) (money (900 31800)))
(group (index 2106) (money (900 31600)))
(group (index 2107) (money (900 31800)))
(group (index 2108) (money (900 32000)))
(group (index 2109) (money (800 15000)))
(group (index 2110) (item (3 276 0) (6 284 0) (9 292 0) (12 300 0) (15 308 0)
				(18 316 0) (21 318 0) (24 282 0) (27 290 0) (30 298 0)
				(33 306 0) (36 314 0) (37 322 0) (38 323 0) (39 324 0)
				(40 325 0) (41 326 0) (42 327 0) (43 328 0) (44 329 0)
				(45 330 0) (46 331 0) (47 332 0) (95 206 0) (143 207 0)))
(group (index 2111) (item (20 205 0) (40 206 0) (60 207 0) (80 638 0) (100 428 0) (120 413 0) (140 517 0)))
(group (index 2112) (item (1 221 0) (2 220 0)))
(group (index 2113) (item (4 251 0) (8 252 0) (12 253 0) (16 254 0) (20 255 0) (24 256 0) (28 257 0) (32 258 0) 
				(36 259 0) (40 260 0) (44 261 0) (48 262 0) (52 263 0) (56 264 0) (60 265 0)
				(64 242 0) (68 243 0) (72 244 0) (76 440 0) (80 441 0) (84 442 0) (88 245 0)
				(92 246 0) (96 247 0) (100 248 0) (104 249 0) (108 250 0)))
(group (index 2114) (item (3 457 0) (6 460 0) (9 463 0) 
				(12 466 0) (17 372 0)
				(22 373 0) (27 374 0) (32 375 0) (37 376 0) (42 377 0) (47 378 0)
				(52 379 0) (57 380 0) (62 381 0) (67 382 0) (72 383 0) (77 384 0)
				(82 385 0) (87 386 0) (97 431 0)))
(group (index 2115) (item (2 560 0) (4 561 0) (6 562 0) (8 563 0) (10 564 0) (12 565 0) (14 566 0) (32 567 0)
				(19 568 0) (20 569 0) (22 570 0) (24 571 0) (28 621 0) (32 622 0) (36 623 0)
				(40 624 0) (24 625 0) (48 626 0) (52 627 0) (56 628 0) (60 629 0) (64 630 0)
				(68 631 0) (72 632 0) (74 633 0) (80 634 0) (84 635 0) (26 431 0)))
(group (index 2116) (item (2 584 0) (4 585 0) (6 586 0) (8 587 0) (10 588 0) (12 589 0) (14 590 0) (16 591 0)
				(18 592 0) (20 593 0) (22 594 0) (24 595 0) (5 431 0)))
(group (index 2117) (item (4 560 0) (8 561 0) (12 562 0) (16 563 0) (20 564 0) (24 565 0) (28 566 0) (32 567 0)
				(36 568 0) (40 569 0) (44 570 0) (48 571 0) (52 621 0) (56 622 0) (60 623 0)
				(64 624 0) (68 625 0) (72 626 0) (76 627 0) (80 628 0) (84 629 0) (88 630 0)
				(92 631 0) (96 632 0) (100 633 0) (104 634 0) (108 635 0) (110 584 0) (112 585 0)
				(114 586 0) (116 587 0) (118 588 0) (120 589 0) (122 590 0) (124 591 0) (126 592 0)
				(128 593 0) (130 594 0) (132 595 0) (50 431 0)))
(group (index 2118) (item (6 457 0) (12 460 0) (18 463 0) (24 466 0) (16 431 0)))
(group (index 2119) (money (1000 100000)))
(group (index 2120) (money (100 100000)) (item (160 826 0) (220 827 0) (280 828 0) (340 829 0) (400 830 0) (460 831 0)
				(520 832 0) (580 833 0) (640 834 0) (700 835 0) (760 836 0) (820 837 0) (880 838 0)
				(940 839 0) (1000 840 0)))
(group (index 2121) (money (100 150000)) (item (160 841 0) (220 842 0) (280 843 0) (340 844 0) (400 845 0) (460 846 0)
				(520 847 0) (580 848 0) (640 849 0) (700 850 0) (760 851 0) (820 852 0) (880 853 0)
				(940 854 0) (1000 855 0)))
(group (index 2122) (money (100 200000)) (item (160 673 0) (220 674 0) (280 675 0) (340 676 0) (400 677 0) (460 678 0)
				(520 679 0) (580 680 0) (640 681 0) (700 682 0) (760 683 0) (820 684 0) (880 685 0)
				(940 686 0) (1000 687 0)))
(group (index 2123) (money (992 200000)) (item (994 665 0) (996 666 0) (998 667 0) (1000 668 0)))
(group (index 2124) (item (1000 684 0)))
(group (index 2125) (item (1000 760 0)))
;조합 아이템 드롭(속성의 돌)
(group (index 2126) (item (1 895 0) (2 896 0) (3 897 0) (4 898 0) (5 899 0) (6 900 0) (7 901 0) (8 902 0) (9 903 0) ))
(group (index 2128) (item (1 895 0) (2 896 0) (3 897 0) (4 898 0) (5 899 0) (6 900 0) (7 901 0) (8 902 0) (9 903 0) ))
(group (index 2130) (item (1 895 0) (2 896 0) (3 897 0) (4 898 0) (5 899 0) (6 900 0) (7 901 0) (8 902 0) (9 903 0) ))
;독도 몬스터 독도 이벤트 아이템 드롭(상투, 나막신)
(group (index 2131) (item (50 907 0) (100 908 0)))
(group (index 2132) (item (100 907 0) (200 908 0)))
(group (index 2133) (item (150 907 0) (300 908 0)))
(group (index 2134) (item (500 907 0) (1000 908 0)))
;일반 몬스터 독도 이벤트 아이템 드롭(나막신)
(group (index 2135) (item (50 908 0) ))
(group (index 2136) (item (30 908 0) ))
(group (index 2137) (item (10 908 0) ))
(group (index 2138) (item (5 908 0) ))
;독도 몬스터 독도 이벤트 아이템 드롭(부적)
(group (index 2139) (item (1 322 0) (2 323 0) (3 324 0)
			(4 325 0) (5 326 0) (6 327 0) (7 328 0) (8 329 0)
			(9 330 0) (10 331 0) (11 332 0) (12 220 0) (13 221 0)))


;group B
(group (index 201) (money (400 400)) (item (500 1 1) (600 1 2) (700 90 21) (800 90 22) (900 22 41) (1000 22 42)))
(group (index 202) (money (529 400)) (item (679 1 1) (829 22 41) (979 90 21) (981 2 1) (983 23 1) (985 91 21)
					(987 2 41) (989 23 41) (991 91 41) (992 6 12) (993 32 12) (994 70 32)
					(995 3 68) (996 24 72) (997 92 76) (998 3 69) (999 24 73) (1000 92 77)))
(group (index 203) (money (961 700)) (item (967 2 1) (973 2 2) (979 91 21) (985 91 22) (991 23 41) (997 23 42)
					(998 3 69) (999 24 73) (1000 92 77)))
(group (index 204) (money (965 1000)) (item (970 3 51) (974 3 52) (978 3 53) (982 3 55) (984 92 60) (986 92 61)
					(988 92 62) (990 92 64) (992 11 11) (994 11 12) (996 75 31)
					(998 3 69) (100 3 70)))
(group (index 205) (money (964 11)) (item (969 24 51) (973 24 52) (977 24 53) (981 24 54) (984 92 60) (986 92 61)
					(988 92 62) (990 92 64) (992 37 11) (994 37 12) (996 75 32)
					(998 24 73) (1000 24 74)))
(group (index 206) (money (967 1300)) (item (977 4 2) (987 93 22) (997 25 42) (998 4 68) (999 25 72) (1000 93 76)))
(group (index 207) (money (967 1100)) (item (975 4 1) (983 93 21) (991 25 41) (994 4 68) (997 25 72) (1000 93 76)))
(group (index 208) (money (966 1300)) (item (973 93 22) (980 93 41) (986 93 23) (992 93 42) (994 93 60) (996 93 61)
					(997 75 32) (998 75 33) (999 75 34) (1000 94 76)))
(group (index 209) (money (966 1500)) (item (973 4 2) (980 4 11) (986 4 3) (992 4 12) (994 4 51) (996 4 52)
					(997 11 12) (998 11 13) (999 11 14) (1000 5 68)))
(group (index 210) (money (966 1500)) (item (973 25 42) (980 25 1) (986 25 43) (992 25 2) (994 25 51) (996 25 52)
					(997 37 12) (998 37 13) (999 37 14) (1000 26 72)))
(group (index 211) (money (981 1700)) (item (984 94 21) (987 94 31) (989 94 22) (991 94 32) (993 75 65) (994 75 33)
					(995 76 34) (996 80 65) (997 80 33) (998 80 34) (999 94 76) (1000 94 77)))
(group (index 212) (money (981 1900)) (item (984 26 42) (987 26 1) (989 26 43) (991 26 2) (993 37 56) (994 37 14)
					(995 38 14) (996 42 56) (997 42 13) (998 42 14) (999 26 73) (1000 26 74)))
(group (index 213) (money (988 2200)) (item (990 5 53) (992 5 54) (993 59 3) (994 59 12) (995 59 13) (996 59 4)
					(997 16 14) (998 16 15) (999 17 15) (1000 5 71)))
(group (index 214) (money (988 2500)) (item (990 94 62) (992 94 63) (993 95 23) (994 95 32) (995 95 33) (996 95 24)
					(997 80 34) (998 80 34) (999 81 35) (1000 94 79)))
(group (index 215) (money (988 2600)) (item (990 59 4) (992 62 44) (994 95 24)
					(995 59 69) (996 62 73) (997 95 77) (998 59 70) (999 62 74) (1000 95 78)))
(group (index 216) (money (973 2600)) (item (976 59 4) (979 62 44) (982 95 24) (983 21 3) (984 21 4) (985 96 23)
					(986 96 24) (987 27 43) (988 27 44) (990 59 69) (992 62 73) (994 95 77)
					(996 59 70) (998 62 74) (1000 95 78)))
(group (index 217) (money (973 2700)) (item (975 21 13) (976 21 4) (977 21 5) (978 21 54) (980 27 3) (981 27 44)
					(982 27 45) (983 27 54) (985 96 33) (986 96 24) (987 96 25) (988 96 63)
					(991 59 71) (994 62 75) (997 95 79) (998 60 68) (999 63 72) (1000 97 76)))
(group (index 218) (money (994 2800)) (item (996 96 25) (997 96 63) (998 97 23) (999 97 77) (1000 97 78)))
(group (index 219) (money (991 3000)) (item (993 27 45) (994 27 54) (995 63 43) (996 54 14) (997 54 15) (998 55 12)
					(999 55 13) (1000 63 74)))
(group (index 220) (money (994 3100)) (item (995 60 3) (996 63 43) (997 97 23) (998 60 71) (999 63 75) (1000 97 79)))
(group (index 221) (money (991 3200)) (item (992 60 4) (993 63 44) (994 97 24) (996 60 71) (998 63 75) (1000 97 79)))
(group (index 222) (money (730 5000)) (item (740 49 16) (750 50 16) (760 51 16) (770 52 16) (780 53 16) (790 54 16)
					(800 55 16) (810 56 16) (820 57 16) (830 58 16) (831 85 36) (832 86 36)
					(833 87 36) (834 88 36) (835 89 36) (845 60 4) (855 60 58) (865 60 59)
					(875 63 44) (885 63 58) (895 63 59) (905 97 24) (915 97 66) (925 97 67)
					(935 61 68) (945 64 72) (955 98 76)))
(group (index 223) (money (981 1900)) (item (984 5 2) (987 5 11) (989 5 3) (991 5 12) (993 11 57) (994 11 14)
					(995 12 14) (996 16 57) (997 16 13) (998 16 14) (999 5 69) (1000 5 70)))
(group (index 224) (money (988 2200)) (item (990 26 53) (992 26 54) (993 62 43) (994 62 2) (995 62 3) (996 62 44)
					(997 42 14) (998 42 15) (999 43 15) (1000 26 75)))
(group (index 225) (money (991 3000)) (item (993 21 5) (994 21 54) (995 60 3) (996 49 14) (997 49 15) (998 50 12)
					(999 50 13) (1000 60 70)))
(group (index 226) (money (730 5600)) (item (740 49 16) (750 50 16) (760 51 16) (770 52 16) (780 53 16) (790 54 16)
					(800 55 16) (810 56 16) (820 57 16) (830 58 16) (831 85 36) (832 86 36)
					(833 87 36) (834 88 36) (835 89 36) (845 60 4) (855 60 58) (865 60 59)
					(875 63 44) (885 63 58) (895 63 59) (905 97 24) (915 97 66) (925 97 67)
					(935 61 68) (945 64 72) (955 98 76)))
(group (index 227) (item (20 98 77) (40 98 78) (60 98 79) (61 220 0)
					(64 280 0) (67 283 0) (70 288 0) (73 291 0) (76 296 0)
					(79 299 0) (82 304 0) (85 307 0) (88 312 0) (91 316 0)
					(94 318 0) (96 319 0) (98 320 0) (100 321 0) (120 205 0) (220 446 0)))
(group (index 228) (item (20 61 69) (40 61 70) (60 61 71) (61 220 0)
					(64 280 0) (67 283 0) (70 288 0) (73 291 0) (76 296 0)
					(79 299 0) (82 304 0) (85 307 0) (88 312 0) (91 316 0)
					(94 318 0) (96 319 0) (98 320 0) (100 321 0) (120 205 0) (220 446 0)))
(group (index 229) (item (20 64 73) (40 64 74) (60 64 75) (61 220 0)
					(64 280 0) (67 283 0) (70 288 0) (73 291 0) (76 296 0)
					(79 299 0) (82 304 0) (85 307 0) (88 312 0) (91 316 0)
					(94 318 0) (96 319 0) (98 320 0) (100 321 0) (120 205 0) (220 446 0)))
(group (index 230) (item (10 99 68) (11 220 0)
					(14 280 0) (17 283 0) (20 288 0) (23 291 0) (26 296 0)
					(29 299 0) (32 304 0) (35 307 0) (38 312 0) (41 316 0)
					(44 318 0) (46 319 0) (48 320 0) (50 321 0) (70 205 0) (170 446 0)))
(group (index 231) (item (10 105 72) (11 220 0)
					(14 280 0) (17 283 0) (20 288 0) (23 291 0) (26 296 0)
					(29 299 0) (32 304 0) (35 307 0) (38 312 0) (41 316 0)
					(44 318 0) (46 319 0) (48 320 0) (50 321 0) (70 205 0) (170 446 0)))
(group (index 232) (item (10 111 76) (11 220 0)
					(14 280 0) (17 283 0) (20 288 0) (23 291 0) (26 296 0)
					(29 299 0) (32 304 0) (35 307 0) (38 312 0) (41 316 0)
					(44 318 0) (46 319 0) (48 320 0) (50 321 0) (70 205 0) (170 446 0)))
(group (index 233) (item (20 99 69) (40 105 73) (60 111 77)
					(63 275 0) (66 281 0) (69 289 0) (72 291 0) (75 297 0)
					(78 299 0) (81 305 0) (84 307 0) (87 313 0) (90 316 0)
					(93 318 0) (95 319 0) (97 320 0) (99 321 0) (124 206 0)
					(149 207 0) (249 446 0)))
(group (index 234) (item (10 111 78) (20 111 79)
					(23 275 0) (26 281 0) (29 289 0) (32 291 0) (35 297 0)
					(38 299 0) (41 305 0) (44 307 0) (47 313 0) (50 316 0)
					(53 318 0) (55 319 0) (57 320 0) (59 321 0) (84 206 0)
					(109 207 0) (209 446 0)))
(group (index 235) (item (10 105 74) (20 105 75)
					(23 275 0) (26 281 0) (29 289 0) (32 291 0) (35 297 0)
					(38 299 0) (41 305 0) (44 307 0) (47 313 0) (50 316 0)
					(53 318 0) (55 319 0) (57 320 0) (59 321 0) (84 206 0)
					(109 207 0) (209 446 0)))
(group (index 236) (item (10 99 70) (20 99 71)
					(23 275 0) (26 281 0) (29 289 0) (32 291 0) (35 297 0)
					(38 299 0) (41 305 0) (44 307 0) (47 313 0) (50 316 0)
					(53 318 0) (55 319 0) (57 320 0) (59 321 0) (84 206 0)
					(109 207 0) (209 446 0)))
(group (index 237) (item (10 102 68) (20 108 72) (30 114 76) (31 220 0)
					(34 275 0) (37 281 0) (40 289 0) (43 291 0) (46 297 0)
					(49 299 0) (52 305 0) (55 307 0) (58 313 0) (61 316 0)
					(64 318 0) (66 319 0) (68 320 0) (70 321 0) (95 206 0)
					(120 207 0) (220 446 0)))
(group (index 238) (item (10 102 69) (20 102 70) (30 102 71) (40 108 73) (50 108 74) (60 108 75)
					(70 114 77) (80 114 78) (90 114 79) (100 220 0) (105 221 0)
					(108 275 0) (111 281 0) (114 289 0) (117 291 0) (120 297 0)
					(123 299 0) (126 305 0) (129 307 0) (132 313 0) (135 316 0)
					(138 318 0) (140 319 0) (142 320 0) (144 321 0) (194 206 0)
					(244 207 0) (344 446 0)))
(group (index 239) (item (10 220 0) (15 221 0)
					(18 280 0) (21 283 0) (24 288 0) (27 291 0) (30 296 0)
					(33 299 0) (36 304 0) (39 307 0) (42 312 0) (45 316 0)
					(48 318 0) (50 319 0) (52 320 0) (54 321 0) (154 446 0)))
(group (index 240) (item (1 127 0) (2 128 0) (3 129 0) (4 130 0) (5 131 0) (7 114 0)
					(8 112 0) (9 113 0) (10 220 0) (11 114 76) (12 114 77)))
(group (index 241) (item (1 122 0) (2 123 0) (3 124 0) (4 125 0) (5 126 0) (7 108 0)
					(8 106 0) (9 107 0) (10 220 0) (11 108 73) (12 108 74)))
(group (index 242) (item (1 117 0) (2 118 0) (3 119 0) (4 120 0) (5 121 0) (7 102 0)
					(8 100 0) (9 101 0) (10 220 0) (11 102 68) (12 102 69)))
(group (index 243) (item (1 117 0) (2 118 0) (3 119 0) (4 120 0) (5 121 0) (8 102 0)
					(10 100 0) (12 101 0) (13 220 0) (14 102 69) (15 102 70)))
(group (index 244) (item (1 122 0) (2 123 0) (3 124 0) (4 125 0) (5 126 0) (8 108 0)
					(10 106 0) (12 107 0) (13 220 0) (14 108 73) (15 108 74)))
(group (index 245) (item (1 127 0) (2 128 0) (3 129 0) (4 130 0) (5 131 0) (8 114 0)
					(10 112 0) (12 113 0) (13 220 0) (14 114 77) (15 114 78)))
(group (index 246) (item (1 102 71) (2 100 0) (3 101 0) (4 108 75) (5 106 0)
					(6 107 0) (7 114 79) (8 112 0) (9 113 0) (10 117 0)
					(11 118 0) (12 119 0) (13 120 0) (14 121 0) (15 122 0)
					(16 123 0) (17 124 0) (18 125 0) (19 126 0) (20 127 0)
					(21 128 0) (22 129 0) (23 130 0) (24 131 0) (25 220 0)))
(group (index 247) (item (1 261 0) (2 262 0) (3 263 0) (4 264 0) (5 265 0)
					(13 114 0) (16 112 0) (19 113 0) (21 220 0)
					(22 112 76) (23 112 77) (24 113 76) (25 113 77)
					(29 127 22) (33 128 22) (37 129 22) (41 130 22) (45 131 22)))
(group (index 248) (item (1 251 0) (2 252 0) (3 253 0) (4 254 0) (5 255 0)
					(13 102 0) (16 100 0) (19 101 0) (21 220 0)
					(22 100 68) (23 100 69) (24 101 68) (25 101 69)
					(29 117 2) (33 118 2) (37 119 2) (41 120 2) (45 121 2) (49 429 0)))
(group (index 249) (item (1 256 0) (2 257 0) (3 258 0) (4 259 0) (5 260 0)
					(13 108 0) (16 106 0) (19 107 0) (21 220 0)
					(22 106 72) (23 106 73) (24 107 72) (25 107 73)
					(29 122 42) (33 123 42) (37 124 42) (41 125 42) (45 126 42)))
(group (index 250) (item (3 108 0) (4 106 0) (5 106 73) (6 107 0) (7 107 73)
					(10 102 0) (11 100 0) (12 100 69) (13 101 0) (14 101 69)
					(17 114 0) (19 112 0) (20 112 77) (21 113 0) (22 113 77)
					(23 256 0) (24 257 0) (25 258 0) (26 259 0) (27 260 0)
					(28 251 0) (29 252 0) (30 253 0) (31 254 0) (32 255 0)
					(33 261 0) (34 262 0) (35 263 0) (36 264 0) (37 265 0) (40 220 0)
					(41 117 2) (42 118 2) (43 119 2) (44 120 2) (45 121 2)
					(46 122 42) (47 123 42) (48 124 42) (49 125 42) (50 126 42)
					(51 127 22) (52 128 22) (53 129 22) (54 130 22) (55 131 22)))
(group (index 251) (item (1 256 0) (2 257 0) (3 258 0) (4 259 0) (5 260 0)
					(9 108 0) (10 106 0) (11 107 0) (13 220 0)
					(14 106 74) (15 106 75) (16 107 74) (17 107 75)
					(22 122 43) (27 123 42) (32 124 42) (37 125 42) (42 126 42)))
(group (index 252) (item (1 251 0) (2 252 0) (3 253 0) (4 254 0) (5 255 0)
					(9 102 0) (10 100 0) (11 101 0) (13 220 0)
					(14 100 70) (15 100 71) (16 101 70) (17 101 71)
					(22 117 3) (27 118 2) (32 119 2) (37 120 2) (42 121 2) (44 430 0)))
(group (index 253) (item (1 261 0) (2 262 0) (3 263 0) (4 264 0) (5 265 0)
					(9 114 0) (10 112 0) (11 113 0) (13 220 0)
					(14 112 78) (15 112 79) (16 113 78) (17 113 79)
					(22 127 23) (27 128 22) (32 129 22) (37 130 22) (42 131 22)))
(group (index 254) (item (1 256 0) (2 257 0) (3 258 0) (4 259 0) (5 260 0)
					(11 109 0) (19 110 0)))
(group (index 255) (item (1 251 0) (2 252 0) (3 253 0) (4 254 0) (5 255 0)
					(11 103 0) (19 104 0) (21 430 0)))
(group (index 256) (item (1 261 0) (2 262 0) (3 263 0) (4 264 0) (5 265 0)
					(11 115 0) (19 116 0)))
(group (index 257) (item (1 256 0) (2 257 0) (3 258 0) (4 259 0) (5 260 0)
					(6 251 0) (7 252 0) (8 253 0) (9 254 0) (10 255 0)
					(11 261 0) (12 262 0) (13 263 0) (14 264 0) (15 265 0)
					(19 109 0) (26 110 0) (30 103 0) (37 104 0) (41 115 0)
					(48 116 0)))
(group (index 258) (item (1 256 0) (2 257 0) (3 258 0) (4 259 0) (5 260 0)
					(6 251 0) (7 252 0) (8 253 0) (9 254 0) (10 255 0)
					(11 261 0) (12 262 0) (13 263 0) (14 264 0) (15 265 0)
					(17 109 0) (22 110 0) (23 109 73) (25 110 73)
					(27 103 0) (32 104 0) (33 103 69) (35 104 69)
					(37 115 0) (42 116 0) (43 115 77) (45 116 77)))
(group (index 259) (item (1 251 0) (2 252 0) (3 253 0) (4 254 0) (5 255 0)
					(6 103 69) (8 104 69) (13 103 0) (21 104 0) (22 242 0) (23 440 0) (25 430 0)))
(group (index 260) (item (1 251 0) (2 252 0) (3 253 0) (4 254 0) (5 255 0)
					(6 103 70) (8 104 70) (13 103 0) (21 104 0) (22 242 0) (23 440 0) (25 430 0)))
(group (index 261) (item (1 251 0) (2 252 0) (3 253 0) (4 254 0) (5 255 0)
					(6 103 70) (8 104 70) (9 103 71) (11 104 71)
					(14 103 0) (21 104 0) (22 242 0) (23 440 0) (25 430 0)))
(group (index 262) (item (1 251 0) (2 252 0) (3 253 0) (4 254 0) (5 255 0)
					(6 103 71) (8 104 71) (13 103 0) (21 104 0) (22 242 0) (23 440 0) (25 430 0)))
(group (index 263) (item (1 256 0) (2 257 0) (3 258 0) (4 259 0) (5 260 0)
					(6 109 73) (8 110 73) (13 109 0) (21 110 0) (22 245 0)))
(group (index 264) (item (1 256 0) (2 257 0) (3 258 0) (4 259 0) (5 260 0)
					(6 109 74) (8 110 74) (13 109 0) (21 110 0) (22 245 0)))
(group (index 265) (item (1 256 0) (2 257 0) (3 258 0) (4 259 0) (5 260 0)
					(6 109 74) (8 110 74) (9 109 75) (11 110 75)
					(14 109 0) (21 110 0) (22 245 0)))
(group (index 266) (item (1 256 0) (2 257 0) (3 258 0) (4 259 0) (5 260 0)
					(6 109 75) (8 110 75) (13 109 0) (21 110 0) (22 245 0)))
(group (index 267) (item (1 261 0) (2 262 0) (3 263 0) (4 264 0) (5 265 0)
					(6 115 77) (8 116 77) (13 115 0) (21 116 0) (22 248 0)))
(group (index 268) (item (1 261 0) (2 262 0) (3 263 0) (4 264 0) (5 265 0)
					(6 115 78) (8 116 78) (13 115 0) (21 116 0) (22 248 0)))
(group (index 269) (item (1 261 0) (2 262 0) (3 263 0) (4 264 0) (5 265 0)
					(6 115 78) (8 116 78) (9 115 79) (11 116 79)
					(14 115 0) (21 116 0) (22 248 0)))
(group (index 270) (item (1 261 0) (2 262 0) (3 263 0) (4 264 0) (5 265 0)
					(6 115 79) (8 116 79) (13 115 0) (21 116 0) (22 248 0)))
(group (index 271) (item (1 251 0) (2 252 0) (3 253 0) (4 254 0) (5 255 0)
					(6 256 0) (7 257 0) (8 258 0) (9 259 0) (10 260 0)
					(11 261 0) (12 262 0) (13 263 0) (14 264 0) (15 265 0)
					(16 103 69) (18 104 69) (19 109 73) (21 110 73) (22 115 77) (24 116 77)
					(28 103 0) (34 104 0) (38 109 0) (44 110 0) (48 115 0) (54 116 0)
					(55 242 0) (56 440 0) (57 245 0) (58 248 0)))
(group (index 272) (item (1 251 0) (2 252 0) (3 253 0) (4 254 0) (5 255 0)
					(6 256 0) (7 257 0) (8 258 0) (9 259 0) (10 260 0)
					(11 261 0) (12 262 0) (13 263 0) (14 264 0) (15 265 0)
					(16 103 70) (18 104 70) (19 109 74) (21 110 74) (22 115 78) (24 116 78)
					(28 103 0) (34 104 0) (38 109 0) (44 110 0) (48 115 0) (54 116 0)
					(55 242 0) (56 440 0) (57 245 0) (58 248 0)))
(group (index 273) (item (1 251 0) (2 252 0) (3 253 0) (4 254 0) (5 255 0)
					(6 256 0) (7 257 0) (8 258 0) (9 259 0) (10 260 0)
					(11 261 0) (12 262 0) (13 263 0) (14 264 0) (15 265 0)
					(16 103 70) (18 104 70) (19 103 71) (21 104 71)
					(22 109 74) (24 110 74) (25 109 75) (27 110 75)
					(28 115 78) (30 116 78) (31 115 79) (33 116 79)
					(36 103 0) (41 104 0) (44 109 0) (49 110 0) (52 115 0) (57 116 0)
					(58 242 0) (59 440 0) (60 245 0) (61 248 0)))
(group (index 274) (item (1 251 0) (2 252 0) (3 253 0) (4 254 0) (5 255 0)
					(6 256 0) (7 257 0) (8 258 0) (9 259 0) (10 260 0)
					(11 261 0) (12 262 0) (13 263 0) (14 264 0) (15 265 0)
					(16 103 71) (18 104 71) (19 109 75) (21 110 75) (22 115 79) (24 116 79)
					(27 103 0) (33 104 0) (36 109 0) (42 110 0) (45 115 0) (51 116 0)
					(52 242 0) (53 440 0) (54 245 0) (55 248 0)))
(group (index 275) (item (8 256 0) (16 257 0) (24 258 0) (32 259 0)
					(40 260 0) (42 377 0) (44 378 0) (46 379 0)
					(48 380 0) (50 381 0) (115 109 0) (245 110 0)
					(265 109 75) (295 110 75) (298 245 0) (301 246 0) (304 247 0)))
(group (index 276) (item (8 251) (16 252 0) (24 253 0) (32 254 0)
					(40 255 0) (42 372 0) (44 373 0) (46 374 0)
					(48 375 0) (50 376 0) (115 103 0) (245 104 0)
					(265 103 71) (295 104 71) (298 242 0) (301 243 0) (304 244 0)))
(group (index 277) (item (8 261 0) (16 262 0) (24 263 0) (32 264 0)
					(40 265 0) (42 382 0) (44 383 0) (46 384 0)
					(48 385 0) (50 386 0) (115 115 0) (245 116 0)
					(265 115 79) (295 116 79) (298 248 0) (301 249 0) (304 250 0)))
(group (index 278) (item (8 251 0) (16 252 0) (24 253 0) (32 254 0)
					(40 255 0) (42 372 0) (44 373 0) (46 374 0)
					(48 375 0) (50 376 0) (115 103 0) (245 104 0)
					(265 103 71) (295 104 71) (298 440 0) (301 441 0) (304 442 0)))
(group (index 279) (item (12 251 0) (24 252 0) (36 253 0) (48 254 0)
					(60 255 0) (62 372 0) (64 373 0) (66 374 0)
					(68 375 0) (70 376 0) (150 103 0) (285 104 0)
					(305 103 71) (340 104 71) (344 242 0) (347 243 0) (350 244 0)))
(group (index 280) (item (12 251 0) (24 252 0) (36 253 0) (48 254 0)
					(60 255 0) (62 372 0) (64 373 0) (66 374 0)
					(68 375 0) (70 376 0) (150 103 0) (285 104 0)
					(305 103 71) (340 104 71) (344 440 0) (347 441 0) (350 442 0)))
(group (index 281) (item (12 256 0) (24 257 0) (36 258 0) (48 259 0)
					(60 260 0) (62 377 0) (64 378 0) (66 379 0)
					(68 380 0) (70 381 0) (145 109 0) (280 110 0)
					(300 109 75) (335 110 75) (339 245 0) (342 246 0) (345 247 0)))
(group (index 282) (item (12 261 0) (24 262 0) (36 263 0) (48 264 0)
					(60 265 0) (62 382 0) (64 383 0) (66 384 0)
					(68 385 0) (70 386 0) (150 115 0) (285 116 0)
					(305 115 79) (340 116 79) (344 248 0) (347 249 0) (350 250 0)))
(group (index 283) (item (14 251 0) (28 252 0) (42 253 0) (56 254 0)
					(70 255 0) (72 372 0) (74 373 0) (76 374 0)
					(78 375 0) (80 376 0) (160 103 0) (270 104 0)
					(300 103 71) (360 104 71) (364 242 0) (368 243 0) (372 244 0)))
(group (index 284) (item (14 251 0) (28 252 0) (42 253 0) (56 254 0)
					(70 255 0) (72 372 0) (74 373 0) (76 374 0)
					(78 375 0) (80 376 0) (160 103 0) (270 104 0)
					(300 103 71) (360 104 71) (364 440 0) (368 441 0) (372 442 0)))
(group (index 285) (item (14 256 0) (28 257 0) (42 258 0) (56 259 0)
					(70 260 0) (72 377 0) (74 378 0) (76 379 0)
					(78 380 0) (80 381 0) (155 109 0) (265 110 0)
					(295 109 75) (355 110 75) (359 245 0) (363 246 0) (367 247 0)))
(group (index 286) (item (14 261 0) (28 262 0) (42 263 0) (56 264 0)
					(70 265 0) (72 382 0) (74 383 0) (76 384 0)
					(78 385 0) (80 386 0) (155 115 0) (265 116 0)
					(295 115 79) (355 116 79) (359 248 0) (363 249 0) (367 250 0)))
(group (index 287) (item (16 251 0) (32 252 0) (48 253 0) (64 254 0)
					(80 255 0) (82 372 0) (84 373 0) (86 374 0)
					(88 375 0) (90 376 0) (170 103 0) (300 104 0)
					(320 103 71) (380 104 71) (382 440 0) (384 441 0)
					(386 442 0) (388 242 0) (390 243 0) (392 244 0)))
(group (index 288) (item (16 256 0) (32 257 0) (48 258 0) (64 259 0)
					(80 260 0) (84 377 0) (88 378 0) (92 379 0)
					(96 380 0) (100 381 0) (170 109 0) (300 110 0)
					(320 109 75) (380 110 75) (384 245 0) (388 246 0) (392 247 0)))
(group (index 289) (item (16 261 0) (32 262 0) (48 263 0) (64 264 0)
					(80 265 0) (82 382 0) (84 383 0) (86 384 0)
					(88 385 0) (90 386 0) (170 115 0) (300 116 0)
					(320 115 79) (380 116 79) (384 248 0) (388 249 0) (392 250 0)))
(group (index 290) (item (2 372 0) (4 373 0) (6 374 0) (8 375 0) (10 376 0)
					(12 377 0) (14 378 0) (16 379 0) (18 380 0) (20 381 0)
					(22 382 0) (24 383 0) (26 384 0) (28 385 0) (30 386 0)
					(32 440 0) (34 441 0) (36 442 0) (38 242 0) (40 243 0)
					(42 244 0) (46 245 0) (50 246 0) (54 247 0) (58 248 0)
					(62 249 0) (66 250 0) (67 457 0) (68 460 0) (69 463 0) (70 466 0)))
(group (index 291) (item (2 372 0) (4 373 0) (6 374 0) (8 375 0) (10 376 0)
					(12 377 0) (14 378 0) (16 379 0) (18 380 0) (20 381 0)
					(22 382 0) (24 383 0) (26 384 0) (28 385 0) (30 386 0)
					(32 440 0) (34 441 0) (36 442 0) (38 242 0) (40 243 0)
					(42 244 0) (46 245 0) (50 246 0) (54 247 0) (58 248 0)
					(62 249 0) (66 250 0) (67 457 0) (68 460 0) (69 463 0) (70 466 0)))
(group (index 292) (item (2 251 0) (4 252 0) (6 253 0) (8 254 0) (10 255 0)
					(11 261 0) (12 262 0) (13 263 0) (14 264 0) (15 265 0)
					(19 103 0) (29 104 0) (31 103 69) (35 104 69)
					(37 115 0) (42 116 0) (43 115 77) (45 116 77)))
(group (index 293) (item (2 256 0) (4 257 0) (6 258 0) (8 259 0) (10 260 0)
					(11 261 0) (12 262 0) (13 263 0) (14 264 0) (15 265 0)
					(19 109 0) (29 110 0) (31 109 73) (35 110 73)
					(37 115 0) (42 116 0) (43 115 77) (45 116 77)))
(group (index 294) (item (1 256 0) (2 257 0) (3 258 0) (4 259 0) (5 260 0)
					(6 109 73) (8 110 73) (13 109 0) (21 110 0) (22 245 0)))
(group (index 295) (item (1 256 0) (2 257 0) (3 258 0) (4 259 0) (5 260 0)
					(6 109 74) (8 110 74) (9 109 75) (11 110 75)
					(14 109 0) (21 110 0) (22 245 0)))
(group (index 296) (item (8 256 0) (16 257 0) (24 258 0) (32 259 0) (40 260 0)
					(41 377 0) (42 378 0) (43 379 0) (44 380 0) (45 381 0)
					(120 109 0) (250 110 0) (270 109 75) (300 110 75)
					(303 245 0) (306 246 0) (309 247 0)))
(group (index 297) (item (12 256 0) (24 257 0) (36 258 0) (48 259 0) (60 260 0)
					(61 377 0) (62 378 0) (63 379 0) (64 380 0) (65 381 0)
					(140 109 0) (275 110 0) (295 109 75) (330 110 75)
					(334 245 0) (337 246 0) (340 247 0)))
(group (index 298) (item (1 251 0) (2 252 0) (3 253 0) (4 254 0) (5 255 0)
					(6 103 69) (8 104 69) (13 103 0) (21 104 0) (22 242 0)))
(group (index 299) (item (1 251 0) (2 252 0) (3 253 0) (4 254 0) (5 255 0)
					(6 103 70) (8 104 70) (9 103 71) (11 104 71)
					(14 103 0) (21 104 0) (22 242 0)))
(group (index 701) (item (8 251 0) (16 252 0) (24 253 0) (32 254 0) (40 255 0)
					(41 372 0) (42 373 0) (43 374 0) (44 375 0) (45 376 0)
					(120 103 0) (250 104 0) (270 103 71) (300 104 71)
					(303 242 0) (306 243 0) (309 244 0)))
(group (index 702) (item (12 251 0) (24 252 0) (36 253 0) (48 254 0) (60 255 0)
					(61 372 0) (62 373 0) (63 374 0) (64 375 0) (65 376 0)
					(140 103 0) (275 104 0) (295 103 71) (330 104 71)
					(334 242 0) (337 243 0) (340 244 0)))
(group (index 703) (item (1 251 0) (2 252 0) (3 253 0) (4 254 0) (5 255 0)
					(6 103 69) (8 104 69) (13 103 0) (21 104 0) (22 440 0)))
(group (index 704) (item (1 251 0) (2 252 0) (3 253 0) (4 254 0) (5 255 0)
					(6 103 70) (8 104 70) (9 103 71) (11 104 71)
					(14 103 0) (21 104 0) (22 440 0)))
(group (index 705) (item (8 251 0) (16 252 0) (24 253 0) (32 254 0) (40 255 0)
					(41 372 0) (42 373 0) (43 374 0) (44 375 0) (45 376 0)
					(125 103 0) (255 104 0) (275 103 71) (305 104 71)
					(308 440 0) (311 441 0) (314 442 0)))
(group (index 706) (item (12 251 0) (24 252 0) (36 253 0) (48 254 0) (60 255 0)
					(61 372 0) (62 373 0) (63 374 0) (64 375 0) (65 376 0)
					(150 103 0) (285 104 0) (305 103 71) (340 104 71)
					(344 440 0) (347 441 0) (350 442 0)))
(group (index 707) (item (1 261 0) (2 262 0) (3 263 0) (4 264 0) (5 265 0)
					(6 115 77) (8 116 77) (13 115 0) (21 116 0) (22 248 0)))
(group (index 708) (item (1 261 0) (2 262 0) (3 263 0) (4 264 0) (5 265 0)
					(6 115 78) (8 116 78) (9 115 79) (11 116 79)
					(14 115 0) (21 116 0) (22 248 0)))
(group (index 709) (item (8 261 0) (16 262 0) (24 263 0) (32 264 0) (40 265 0)
					(41 382 0) (42 383 0) (43 384 0) (44 385 0) (45 386 0)
					(125 115 0) (255 116 0) (275 115 79) (305 116 79)
					(308 248 0) (311 249 0) (314 250 0)))
(group (index 710) (item (12 261 0) (24 262 0) (36 263 0) (48 264 0) (60 265 0)
					(61 382 0) (62 383 0) (63 384 0) (64 385 0) (65 386 0)
					(145 115 0) (280 116 0) (300 115 79) (335 116 79)
					(339 248 0) (342 249 0) (345 250 0)))
(group (index 711) (item (4 261 0) (8 262 0) (12 263 0) (16 264 0) (20 265 0)
					(28 256 0) (36 257 0) (44 258 0) (52 259 0) (60 260 0)
					(61 382 0) (62 383 0) (63 384 0) (64 385 0) (65 386 0)
					(66 377 0) (67 378 0) (68 379 0) (69 380 0) (70 381 0)
					(114 115 0) (159 116 0) (205 109 0) (295 110 0)
					(302 115 79) (314 116 79) (327 109 75) (350 110 75)
					(351 248 0) (352 249 0) (353 250 0) (356 245 0) (358 246 0) (360 247 0)))
(group (index 712) (item (4 261 0) (8 262 0) (12 263 0) (16 264 0) (20 265 0)
					(28 251 0) (36 252 0) (44 253 0) (52 254 0) (60 255 0)
					(61 382 0) (62 383 0) (63 384 0) (64 385 0) (65 386 0)
					(66 372 0) (67 373 0) (68 374 0) (69 375 0) (70 376 0)
					(104 115 0) (149 116 0) (195 103 0) (285 104 0)
					(292 115 79) (304 116 79) (317 103 71) (340 104 71)
					(341 248 0) (342 249 0) (343 250 0) (345 242 0) (346 243 0) (347 244 0)
					(348 440 0) (349 441 0) (350 442 0)))
(group (index 713) (item (5 256 0) (10 257 0) (15 258 0) (20 259 0) (25 260 0)
					(34 251 0) (43 252 0) (52 253 0) (61 254 0) (70 255 0)
					(71 377 0) (72 378 0) (73 379 0) (74 380 0) (75 381 0)
					(76 372 0) (77 373 0) (78 374 0) (79 375 0) (80 376 0)
					(113 109 0) (150 110 0) (197 103 0) (270 104 0)
					(280 109 75) (300 110 75) (320 103 71) (360 104 71)
					(362 245 0) (364 246 0) (366 247 0)
					(367 242 0) (368 243 0) (369 244 0) (370 440 0) (371 441 0) (372 442 0)))
(group (index 714) (item (5 256 0) (10 257 0) (15 258 0) (20 259 0) (25 260 0)
					(34 261 0) (43 262 0) (52 263 0) (61 264 0) (70 265 0)
					(71 377 0) (72 378 0) (73 379 0) (74 380 0) (75 381 0)
					(76 382 0) (77 383 0) (78 384 0) (79 385 0) (80 386 0)
					(113 109 0) (150 110 0) (197 115 0) (270 116 0)
					(280 109 75) (300 110 75) (320 115 79) (360 116 79)
					(362 245 0) (364 246 0) (366 247 0)
					(368 248 0) (370 249 0) (372 250 0)))
(group (index 715) (item (6 251 0) (12 252 0) (18 253 0) (24 254 0) (30 255 0)
					(40 261 0) (50 262 0) (60 263 0) (70 264 0) (80 265 0)
					(81 372 0) (82 373 0) (83 374 0) (84 375 0) (85 376 0)
					(86 382 0) (87 383 0) (88 384 0) (89 385 0) (90 386 0)
					(124 103 0) (168 104 0) (214 115 0) (300 116 0)
					(307 103 71) (327 104 71) (340 115 79) (380 116 79)
					(381 440 0) (382 441 0) (383 442 0) (384 242 0) (385 243 0) (386 244 0)
					(388 248 0) (390 249 0) (392 250 0)))
(group (index 716) (item (6 251 0) (12 252 0) (18 253 0) (24 254 0) (30 255 0)
					(40 256 0) (50 257 0) (60 258 0) (70 259 0) (80 260 0)
					(81 372 0) (82 373 0) (83 374 0) (84 375 0) (85 376 0)
					(86 377 0) (87 378 0) (88 379 0) (89 380 0) (90 381 0)
					(124 103 0) (168 104 0) (214 109 0) (300 110 0)
					(307 103 71) (327 104 71) (340 109 75) (380 110 75)
					(381 440 0) (382 441 0) (383 442 0) (384 242 0) (385 243 0) (386 244 0)
					(388 245 0) (390 246 0) (392 247 0)))
(group (index 717) (item (6 256 0) (12 257 0) (18 258 0) (24 259 0) (30 260 0)
					(40 261 0) (50 262 0) (60 263 0) (70 264 0) (80 265 0)
					(81 377 0) (82 378 0) (83 379 0) (84 380 0) (85 381 0)
					(86 382 0) (87 383 0) (88 384 0) (89 385 0) (90 386 0)
					(124 109 0) (168 110 0) (214 115 0) (300 116 0)
					(307 109 75) (327 110 75) (340 115 79) (380 116 79)
					(382 245 0) (384 246 0) (386 247 0)
					(388 248 0) (390 249 0) (392 250 0)))
(group (index 718) (item (6 256 0) (12 257 0) (18 258 0) (24 259 0) (30 260 0)
					(40 251 0) (50 252 0) (60 253 0) (70 254 0) (80 255 0)
					(81 377 0) (82 378 0) (83 379 0) (84 380 0) (85 381 0)
					(86 372 0) (87 373 0) (88 374 0) (89 375 0) (90 376 0)
					(124 109 0) (168 110 0) (214 103 0) (300 104 0)
					(307 109 75) (327 110 75) (340 103 71) (380 104 71)
					(382 245 0) (384 246 0) (386 247 0)
					(387 242 0) (388 243 0) (389 244 0) (390 440 0) (391 441 0) (392 442 0)))
(group (index 719) (item (160 382 0) (320 383 0) (480 384 0) (640 385 0) (800 386 0)))
(group (index 720) (item (160 372 0) (320 373 0) (480 374 0) (640 375 0) (800 376 0)))
(group (index 721) (item (160 377 0) (320 378 0) (480 379 0) (640 380 0) (800 381 0)))
(group (index 722) (item (20 242 0) (40 243 0) (60 244 0) (80 245 0) (100 246 0) (120 247 0)
					(140 248 0) (160 249 0) (180 250 0) (200 440 0) (220 441 0) (240 442 0)
					(260 457 0) (280 458 0) (300 459 0) (320 460 0) (340 461 0) (360 462 0)
					(380 463 0) (400 464 0) (420 465 0) (440 466 0) (460 467 0) (480 468 0)))
(group (index 723) (item (25 242 0) (50 243 0) (75 244 0) (100 245 0) (125 246 0) (150 247 0)
					(175 248 0) (200 249 0) (225 250 0) (250 440 0) (275 441 0) (300 442 0)
					(325 457 0) (350 458 0) (375 459 0) (400 460 0) (425 461 0) (450 462 0)
					(475 463 0) (500 464 0) (525 465 0) (550 466 0) (575 467 0) (600 468 0)))
(group (index 724) (item (3 581 0) (4 582 0) (5 583 0) (13 114 0) (16 115 0) (19 116 0)
					(21 220 0) (22 115 77) (23 116 77) (24 115 78) (25 116 78)
					(29 261) (33 262) (37 263) (41 264) (45 265)))
(group (index 725) (item (3 572 0) (4 573 0) (5 574 0) (13 102 0) (16 103 0) (19 104 0)
					(21 220 0) (22 103 69) (23 104 69) (24 103 70) (25 104 70)
					(29 251 0) (33 252 0) (37 253 0) (41 254 0) (45 255 0) (49 429 0)))
(group (index 726) (item (3 578 0) (4 579 0) (5 580 0) (13 108 0) (16 109 0) (19 110 0)
					(21 220 0) (22 109 73) (23 110 73) (24 109 74) (25 110 74)
					(29 256 0) (33 257 0) (37 258 0) (41 259 0) (45 260 0)))
(group (index 727) (item (3 108 0) (4 109 73) (5 110 73) (6 109 74) (7 110 74)
					(10 102 0) (11 103 69) (12 104 69) (13 103 70) (14 104 70)
					(17 114 0) (19 115 77) (20 116 77) (21 115 78) (22 116 78)
					(25 578 0) (26 579 0) (27 580 0) (30 572 0) (31 573 0)
					(32 574 0) (35 581 0) (36 582 0) (37 583 0) (40 220 0)
					(41 256 0) (42 257 0) (43 258 0) (44 259 0) (45 260 0)
					(46 251 0) (47 252 0) (48 253 0) (49 254 0) (50 255 0)
					(51 261 0) (52 262 0) (53 263 0) (54 264 0) (55 265 0)))
(group (index 728) (item (3 578 0) (4 579 0) (5 580 0) (13 108 0) (16 109 0) (19 110 0)
					(21 220 0) (23 109 74) (25 110 74) (27 109 75) (29 110 75)
					(34 256 0) (39 257 0) (44 258 0) (49 259 0) (54 260 0)))
(group (index 729) (item (3 572 0) (4 573 0) (5 574 0) (13 102 0) (16 103 0) (19 104 0)
					(21 220 0) (23 103 70) (25 104 70) (27 103 71) (29 104 71)
					(34 251 0) (39 252 0) (44 253 0) (49 254 0) (54 255 0) (58 430 0)))
(group (index 730) (item (3 581 0) (4 582 0) (5 583 0) (13 114 0) (16 115 0) (19 116 0)
					(21 220 0) (23 115 78) (25 116 78) (27 115 79) (29 116 79)
					(34 261 0) (39 262 0) (44 263 0) (49 264 0) (54 265 0)))
(group (index 731) (item (3 242 0) (6 243 0) (9 244 0) (12 440 0) (15 441 0) (18 442 0)))
(group (index 732) (item (3 245 0) (6 246 0) (9 247 0)))
(group (index 733) (item (3 248 0) (6 249 0) (9 250 0)))
(group (index 734) (item (2 372 0) (4 373 0) (6 374 0) (8 375 0) (10 376 0) (12 431 0)))
(group (index 735) (item (2 377 0) (4 378 0) (6 379 0) (8 380 0) (10 381 0) (12 431 0)))
(group (index 736) (item (2 382 0) (4 383 0) (6 384 0) (8 385 0) (10 386 0) (12 431 0)))
(group (index 737) (item (3 466 0) (4 467 0) (5 468 0) (9 382 0) (13 383 0) (17 384 0) (21 385 0) (25 386 0) (35 431 0)))
(group (index 738) (item (3 463 0) (4 464 0) (5 465 0) (9 377 0) (13 378 0) (17 379 0) (21 380 0) (25 381 0) (35 431 0)))
(group (index 739) (item (3 457 0) (4 458 0) (5 459 0) (8 460 0) (9 461 0) (10 462 0) (14 372 0) (18 373 0) 
					(22 374 0) (26 375 0) (30 376 0) (40 431 0)))



;group C
(group (index 301) (money (840 3100)) (item (880 48 0) (1000 48 0)))
(group (index 302) (money (840 3400)) (item (880 48 0) (1000 48 0)))
(group (index 303) (money (840 3700)) (item (880 48 0) (1000 48 0)))
(group (index 304) (money (840 4000)) (item (880 48 0) (1000 48 0)))
(group (index 305) (money (840 4300)) (item (880 48 0) (1000 48 0)))
(group (index 306) (money (840 4600)) (item (880 48 0) (1000 48 0)))
(group (index 307) (money (840 4900)) (item (880 48 0) (1000 48 0)))
(group (index 308) (money (840 4700)) (item (880 48 0) (1000 48 0)))
(group (index 309) (money (840 4800)) (item (880 48 0) (1000 48 0)))
(group (index 310) (money (840 5100)) (item (880 48 0) (1000 48 0)))
(group (index 311) (money (840 5400)) (item (880 48 0) (1000 48 0)))
(group (index 312) (money (840 5800)) (item (880 48 0) (1000 48 0)))
(group (index 313) (money (840 9100)) (item (880 48 0) (1000 48 0)))
(group (index 314) (item (3 276 0) (6 281 0) (9 284 0) (12 289 0) (15 292 0)
				(18 297 0) (21 300 0) (24 305 0) (27 308 0) (30 313 0)
				(33 316 0) (36 318 0) (37 322 0) (38 323 0) (39 324 0)
				(40 325 0) (41 326 0) (91 206 0) (141 207 0) (241 446 0)))
(group (index 315) (item (3 276 0) (6 284 0) (9 292 0) (12 300 0) (15 308 0)
				(18 316 0) (21 318 0) (24 282 0) (27 290 0) (30 298 0)
				(33 306 0) (36 314 0) (37 322 0) (38 323 0) (39 324 0)
				(40 325 0) (41 326 0) (42 327 0) (43 328 0) (44 329 0)
				(45 330 0) (46 331 0) (96 206 0) (146 207 0) (246 446 0)))
(group (index 316) (item (20 315 0) (40 317 0) (60 205 0) (110 446 0)))
(group (index 317) (item (9 302 0) (18 310 0) (27 315 0) (36 317 0)
				(37 319 0) (38 320 0) (39 321 0) (59 205 0) (109 446 0)))
(group (index 318) (item (2 275 0) (4 278 0) (6 279 0) (8 283 0) (10 286 0)
				(12 287 0) (14 291 0) (16 294 0) (18 295 0) (20 299 0)
				(22 302 0) (24 303 0) (26 307 0) (28 310 0) (30 311 0)
				(32 315 0) (34 317 0) (36 319 0) (38 320 0) (40 321 0)
				(60 205 0) (160 446 0)))
(group (index 319) (item (3 276 0) (6 284 0) (9 292 0) (12 300 0) (15 308 0)
				(18 316 0) (21 318 0) (24 282 0) (27 290 0) (30 298 0)
				(33 306 0) (36 314 0) (37 322 0) (38 323 0) (39 324 0)
				(40 325 0) (41 326 0) (42 327 0) (43 328 0) (44 329 0)
				(45 330 0) (46 331 0) (47 332 0) (97 206 0) (147 207 0) (247 446 0)))
(group (index 320) (item (3 276 0) (6 284 0) (9 292 0) (12 300 0) (15 308 0)
				(18 316 0) (21 318 0) (24 282 0) (27 290 0) (30 298 0)
				(33 306 0) (36 314 0) (37 322 0) (38 323 0) (39 324 0)
				(40 325 0) (41 326 0) (42 327 0) (43 328 0) (44 329 0)
				(45 330 0) (46 331 0) (47 332 0) (95 206 0) (143 207 0) (223 446 0)))
(group (index 321) (item (3 276 0) (6 284 0) (9 292 0) (12 300 0) (15 308 0)
				(18 316 0) (21 318 0) (24 282 0) (27 290 0) (30 298 0)
				(33 306 0) (36 314 0) (37 322 0) (38 323 0) (39 324 0)
				(40 325 0) (41 326 0) (42 327 0) (43 328 0) (44 329 0)
				(45 330 0) (46 331 0) (47 332 0) (127 446 0)))
(group (index 322) (item (2 276 0) (3 277 0) (5 284 0) (6 285 0) (8 292 0)
				(9 293 0) (11 300 0) (12 301 0) (14 308 0) (15 309 0)
				(18 316 0) (21 318 0) (24 282 0) (27 290 0) (30 298 0)
				(33 306 0) (36 314 0) (37 322 0) (38 323 0) (39 324 0)
				(40 325 0) (41 326 0) (42 327 0) (43 328 0) (44 329 0)
				(45 330 0) (46 331 0) (47 523 0) (127 446 0)))

;group D
(group (index 401) (item (1000 333 0)))
(group (index 402) (money (853 16)) (item (993 47 0) (995 93 0) (996 75 0) (997 76 0) (998 77 0) (999 78 0) (1000 79 0)))
(group (index 403) (money (853 17)) (item (855 25 0) (856 37 0) (857 38 0) (858 39 0) (859 40 0) (860 41 0) (1000 47 0)))
(group (index 404) (money (853 18)) (item (855 4 0) (856 11 0) (857 12 0) (858 13 0) (859 14 0) (860 15 0) (1000 47 0)))
(group (index 405) (money (849 21)) (item (850 5 0) (990 47 0) (992 11 0) (994 12 0) (996 13 0) (998 14 0) (1000 15 0)))
(group (index 406) (money (849 21)) (item (850 26 0) (990 47 0) (992 37 0) (994 38 0) (996 39 0) (998 40 0) (1000 41 0)))
(group (index 407) (money (849 23)) (item (850 94 0) (950 47 0) (990 48 0) (992 75 0) (994 76 0) 
					(996 77 0) (998 78 0) (1000 79 0)))
(group (index 408) (money (844 25)) (item (974 47 0) (994 48 0) (996 5 0) (998 26 0) (1000 94 0)))
(group (index 409) (money (821 25)) (item (961 47 0) (991 48 0) (992 59 0) (993 62 0) (994 95 0)
					(995 16 0) (996 17 0) (997 42 0) (998 43 0) (999 80 0) (1000 81 0)))
(group (index 410) (money (864 26)) (item (974 47 0) (994 48 0) (996 59 0) (998 62 0) (1000 95 0)))
(group (index 411) (money (843 27)) (item (845 96 0) (846 80 0) (847 81 0) (848 82 0)
					(849 83 0) (850 84 0) (980 47 0) (1000 48 0)))
(group (index 412) (money (843 28)) (item (845 27 0) (846 42 0) (847 43 0) (848 44 0)
					(849 45 0) (850 46 0) (980 47 0) (1000 48 0)))
(group (index 413) (money (843 29)) (item (845 21 0) (846 16 0) (847 17 0) (848 18 0)
					(849 19 0) (850 20 0) (980 47 0) (1000 48 0)))
(group (index 414) (money (874 2900)) (item (984 47 0) (994 48 0) (996 21 0) (998 27 0) (1000 96 0)))
(group (index 415) (money (877 3100)) (item (987 47 0) (997 48 0)))
(group (index 416) (money (800 3300)) (item (850 48 0)))
(group (index 417) (money (800 3600)) (item (850 48 0)))
(group (index 418) (money (800 3900)) (item (850 48 0)))
(group (index 419) (money (800 4200)) (item (850 48 0)))
(group (index 420) (money (800 4500)) (item (850 48 0)))
(group (index 421) (money (800 4800)) (item (850 48 0)))
(group (index 422) (money (800 5400)) (item (850 48 0)))
(group (index 423) (money (800 5000)) (item (850 48 0)))
(group (index 424) (money (800 5100)) (item (850 48 0)))
(group (index 425) (money (800 5400)) (item (850 48 0)))
(group (index 426) (money (800 5800)) (item (850 48 0)))
(group (index 427) (money (800 6200)) (item (850 48 0)))
(group (index 428) (money (800 9100)) (item (850 48 0)))
(group (index 429) (money (800 9200)) (item (850 48 0)))

;group E
(group (index 501) (item (1 362 0)))
(group (index 502) (item (500 396 0) (550 399 0) (600 414 0)))
(group (index 503) (item (500 397 0) (550 399 0) (600 414 0)))
(group (index 504) (item (500 398 0) (550 399 0) (600 414 0)))
(group (index 505) (item (10 387 0) (170 400 0) (240 415 0) (270 401 0) (300 416 0)))
(group (index 506) (item (10 388 0) (170 403 0) (240 418 0) (270 404 0) (300 419 0)))
(group (index 507) (item (100 399 0) (200 414 0)))
(group (index 508) (item (50 400 0) (100 415 0) (130 401 0) (160 416 0) (180 402 0) (200 417 0)))
(group (index 509) (item (50 403 0) (100 418 0) (130 404 0) (160 419 0) (180 405 0) (200 420 0)))
(group (index 510) (item (70 403 0) (140 418 0) (170 404 0) (200 419 0)))
(group (index 511) (item (140 405 0) (280 420 0) (340 406 0) (400 421 0)))
(group (index 512) (item (140 406 0) (280 421 0) (340 407 0) (400 422 0)))
(group (index 513) (item (100 407 0) (200 422 0) (270 408 0) (340 423 0) (370 409 0) (400 424 0)))
(group (index 514) (item (1 362 0) (2 243 0) (3 244 0) (4 441 0) (5 442 0)))
(group (index 515) (item (1 362 0) (3 246 0) (5 247 0)))
(group (index 516) (item (1 362 0) (3 249 0) (5 250 0)))
(group (index 517) (item (1 362 0) (2 243 0) (3 441 0) (4 246 0) (5 249 0)))
(group (index 518) (item (1 362 0) (2 244 0) (3 442 0) (4 247 0) (5 250 0)))
(group (index 519) (item (1 362 0) (2 245 0)))
(group (index 520) (item (1 362 0) (2 242 0) (3 440 0)))
(group (index 521) (item (1 362 0) (2 248 0)))
(group (index 522) (item (1 362 0) (2 245 0) (3 242 0) (4 248 0)))
(group (index 523) (item (1 362 0) (2 245 0) (3 440 0) (4 248 0)))
(group (index 524) (item (1 362 0) (2 243 0) (3 244 0) (4 441 0) (5 442 0) (6 460 0)))
(group (index 525) (item (1 362 0) (2 243 0) (3 244 0) (4 441 0) (5 442 0) (6 457 0)))
(group (index 526) (item (1 362 0) (3 246 0) (5 247 0) (6 463 0)))
(group (index 527) (item (1 362 0) (3 249 0) (5 250 0) (6 466 0)))
(group (index 528) (item (1 362 0) (2 115 0) (3 116 0)))
(group (index 529) (item (1 362 0) (2 103 0) (3 104 0)))
(group (index 530) (item (1 362 0) (2 109 0) (3 110 0)))
(group (index 531) (item (1 362 0) (2 463 0)))
(group (index 532) (item (1 362 0) (2 457 0)))
(group (index 533) (item (1 362 0) (2 466 0)))
(group (index 534) (item (1 362 0) (2 460 0)))
(group (index 535) (item (1 362 0) (2 457 0)))
(group (index 536) (item (1 362 0) (2 460 0)))
(group (index 537) (item (1 362 0) (2 463 0)))
(group (index 538) (item (1 362 0) (2 466 0)))
(group (index 539) (item (1 362 0) (2 457 0)))
(group (index 540) (item (1 362 0) (2 460 0)))
(group (index 541) (item (1 362 0) (2 463 0)))
(group (index 542) (item (1 362 0) (2 466 0)))
(group (index 543) (item (1 362 0) (2 457 0) (3 460 0)))
(group (index 544) (item (1 362 0) (2 463 0)))
(group (index 545) (item (1 362 0) (2 466 0)))
(group (index 546) (item (1 362 0)))
(group (index 547) (item (1 362 0) (2 242 0) (3 440 0) (4 248 0)))
(group (index 548) (item (1 362 0) (2 245 0) (3 248 0)))
(group (index 549) (item (1 362 0) (2 246 0) (3 247 0)))
(group (index 550) (item (1 362 0) (2 463 0) (3 566 0)))
(group (index 551) (item (1 362 0) (2 243 0) (3 244 0)))
(group (index 552) (item (1 362 0) (2 457 0) (3 560 0)))
(group (index 553) (item (1 362 0) (2 441 0) (3 442 0)))
(group (index 554) (item (1 362 0) (2 460 0) (3 563 0)))
(group (index 555) (item (1 362 0) (2 249 0) (3 250 0)))
(group (index 556) (item (1 362 0) (2 466 0) (3 569 0)))
(group (index 557) (item (1 362 0) (2 466 0) (3 463 0) (4 567 0) (5 570 0)))
(group (index 558) (item (1 362 0) (2 466 0) (3 457 0) (4 460 0) (5 561 0) (6 564 0)))
(group (index 559) (item (1 362 0) (2 463 0) (3 457 0) (4 460 0) (5 561 0) (6 564 0) (7 567 0)))
(group (index 560) (item (1 362 0) (2 463 0) (3 466 0) (4 567 0) (5 570 0)))
(group (index 561) (item (1 362 0) (2 457 0) (3 460 0) (4 466 0) (5 561 0) (6 564 0) (7 570 0)))
(group (index 562) (item (1 362 0) (2 457 0) (3 460 0) (4 463 0) (5 561 0) (6 564 0) (7 567 0)))
(group (index 563) (item (1 362 0) (3 248 0)))
(group (index 564) (item (1 362 0) (2 242 0) (3 440 0)))
(group (index 565) (item (1 362 0) (3 245 0)))

;group F
(group (index 601) (item (100 408 0) (200 423 0) (270 409 0) (340 424 0) (370 410 0) (400 425 0)))
(group (index 602) (item (140 410 0) (280 425 0) (340 411 0) (400 426 0)))

;group Quest
(group (index 901) (item (1000 140 0)))
(group (index 902) (item (1000 146 0)))
(group (index 903) (item (1000 147 0)))
(group (index 904) (item (1000 148 0)))
(group (index 905) (item (1000 151 0)))
(group (index 906) (item (1000 152 0)))
(group (index 907) (item (1000 149 0)))
(group (index 908) (item (500 153 0) (1000 154 0)))
(group (index 909) (item (1000 150 0)))
(group (index 910) (item (1000 155 0)))
(group (index 911) (item (1000 156 0)))
(group (index 912) (item (1000 157 0)))
(group (index 913) (item (1000 159 0)))
(group (index 914) (item (1000 160 0)))
(group (index 915) (item (1000 158 0)))
(group (index 916) (item (1000 161 0)))
(group (index 917) (item (1000 165 0)))
(group (index 918) (item (1000 167 0)))
(group (index 919) (item (1000 166 0)))
(group (index 920) (item (1000 164 0)))
(group (index 921) (item (1000 141 0)))
(group (index 922) (item (1000 168 0)))
(group (index 923) (item (1000 169 0)))
(group (index 924) (item (1000 170 0)))
(group (index 925) (item (1000 172 0)))
(group (index 926) (item (1000 182 0)))
(group (index 927) (item (1000 183 0)))
(group (index 928) (item (1000 184 0)))
(group (index 929) (item (1000 185 0)))
(group (index 930) (item (1000 186 0)))
(group (index 931) (item (1000 173 0)))
(group (index 932) (item (1000 181 0)))
;전통주 이벤트
;(group (index 933) (item (200 197 0) (400 198 0) (600 199 0) (800 200 0) (1000 201 0)))
(group (index 934) (item (1000 171 0)))
(group (index 935) (item (1000 208 0)))
(group (index 936) (item (1000 209 0)))
(group (index 937) (item (1000 210 0)))
(group (index 938) (item (1000 211 0)))
(group (index 939) (item (1000 212 0)))
(group (index 940) (item (1000 213 0)))
(group (index 941) (item (1000 214 0)))
(group (index 942) (item (1000 215 0)))
(group (index 943) (item (1000 216 0)))
(group (index 944) (item (1000 226 0)))
(group (index 945) (item (1000 227 0)))
(group (index 946) (item (1000 228 0)))
(group (index 947) (item (1000 229 0)))
(group (index 948) (item (1000 230 0)))
(group (index 949) (item (1000 231 0)))
(group (index 950) (item (1000 232 0)))
(group (index 951) (item (1000 233 0)))
(group (index 952) (item (1000 336 0)))
(group (index 953) (item (100 334 0)))
(group (index 954) (item (300 346 0)))
(group (index 955) (item (300 347 0)))
(group (index 956) (item (300 348 0)))
(group (index 957) (item (300 349 0)))
(group (index 958) (item (300 350 0)))
(group (index 959) (item (1000 335 0)))
(group (index 960) (item (1000 341 0)))
(group (index 961) (item (1000 342 0)))
(group (index 962) (item (1000 343 0)))
(group (index 963) (item (1000 344 0)))
(group (index 964) (item (1000 345 0)))
(group (index 965) (item (6 351) (18 352) (30 353) (42 354)))
(group (index 966) (item (8 351) (22 352) (36 353) (50 354)))
(group (index 967) (item (14 351) (34 352) (54 353) (74 354)))
(group (index 968) (item (20 355 0)))
(group (index 969) (item (1000 357 0)))
(group (index 970) (item (1000 358 0)))
(group (index 971) (item (30 359 0)))
(group (index 972) (money (600 1000) (900 3000) (970 5000)) (item (1000 48 0 100)))
(group (index 973) (item (40 366 0)))
(group (index 974) (item (28 366 0) (40 367 0)))
(group (index 975) (item (40 367 0)))
(group (index 976) (item (28 367 0) (40 368 0)))
(group (index 977) (item (40 368 0)))
(group (index 978) (item (40 369 0)))
(group (index 979) (item (25 369 0) (40 370 0)))
(group (index 980) (item (6 389 0) (12 387 0)))
(group (index 981) (item (6 390 0) (12 387 0)))
(group (index 982) (item (6 391 0) (12 387 0)))
(group (index 983) (item (6 392 0) (12 387 0)))
(group (index 984) (item (6 393 0) (12 387 0)))
(group (index 985) (item (6 394 0) (12 387 0)))
(group (index 986) (item (6 395 0) (12 388 0)))
(group (index 987) (item (40 370 0)))
(group (index 988) (item (10 432 0)))
(group (index 989) (item (10 433 0)))
(group (index 990) (item (10 434 0)))
(group (index 991) (item (10 435 0)))
(group (index 992) (item (10 436 0)))
(group (index 993) (item (10 437 0)))
(group (index 994) (item (10 438 0)))
(group (index 995) (item (10 439 0)))
(group (index 996) (item (100 448 0)))
(group (index 997) (item (1000 456 0)))
(group (index 998) (item (20 449 0)))
(group (index 999) (item (20 450 0)))
(group (index 1000) (item (20 451 0)))
(group (index 1001) (item (20 452 0)))
(group (index 1002) (item (20 453 0)))
(group (index 1003) (item (20 454 0)))
(group (index 1004) (item (20 455 0)))
(group (index 1005) (money (500 5000) (900 10000) (990 30000))
			(item (991 327 0) (992 328 0) (993 329 0) (994 330 0) (995 331 0)
			(996 332 0) (997 323 0) (998 324 0) (999 325 0) (1000 326 0)))
(group (index 1006) (item (2 521 0) (102 522 0)))
(group (index 1007) (item (5 521 0) (205 522 0)))
(group (index 1008) (item (7 521 0) (257 522 0)))
(group (index 1009) (item (10 521 0) (310 522 0)))
(group (index 1010) (money (1000 5000)))
(group (index 1011) (money (600 100) (900 200) (1000 300)))
(group (index 1012) (item (51 21 0) (101 27 0) (151 96 0) (184 60 0) (217 63 0) (250 97 0) 
		    (300 16 0) (350 17 0) (400 18 0) (450 19 0) (500 20 0) (550 42 0) 
		    (600 43 0) (650 44 0) (700 45 0) (750 46 0) (800 80 0) (850 81 0) 
		    (900 82 0) (950 83 0) (1000 84 0)))
(group (index 1013) (money (250 300)) 
		    (item (300 275 0) (350 283 0) (400 291 0) (450 299 0) (500 307 0)
		    (550 278 0) (600 279 0) (650 286 0) (700 287 0) (750 294 0) (800 295 0) 
		    (850 302 0) (900 303 0) (950 310 0) (1000 311 0)))
(group (index 1014) (money (600 500) (900 800) (1000 1000)))
(group (index 1015) (item (51 61 0) (101 64 0) (151 98 0) (184 99 0) (217 105 0) (250 111 0)
	            (300 49 0) (350 50 0) (400 51 0) (450 52 0) (500 53 0) (550 54 0)
		    (600 55 0) (650 56 0) (700 57 0) (750 58 0) (800 85 0) (850 86 0)
		    (900 87 0) (950 88 0) (1000 89 0)))
(group (index 1016) (money (235 3000)) 
		    (item (280 276 0) (325 284 0) (370 292 0) (415 300 0) (460 308 0) (505 279 0)
		    (550 280 0) (595 287 0) (640 288 0) (685 295 0) (730 296 0) (775 303 0)
		    (820 304 0) (865 311 0) (910 312 0) (955 315 0) (1000 317 0)))
(group (index 1017) (money (600 1500) (900 2000) (1000 2500)))
(group (index 1018) (item (44 1000 0) (64 101 0) (84 102 0) (127 106 0) (147 107 0) (167 107 0)
		    (210 112 0) (230 113 0) (250 114 0) (300 49 0) (350 50 0) (400 51 0) (450 52 0)
		    (500 53 0) (550 54 0) (600 55 0) (650 56 0) (700 57 0) (750 58 0) (800 85 0)
		    (850 86 0) (900 87 0) (950 88 0) (1000 89 0)))
(group (index 1019) (money (600 3000) (900 4000) (1000 5000)))
(group (index 1020) (item (10 103 0) (20 104 0) (30 109 0) (40 110 0) (50 115 0) (60 116 0) (126 117 0)
		    (188 118 0) (250 119 0) (312 120 0) (374 121 0) (439 122 0) (501 123 0) (563 124 0)
		    (625 125 0) (687 126 0) (752 127 0) (814 128 0) (876 129 0) (938 130 0) (1000 131 0)))
(group (index 1021) (money (600 7000) (900 8000) (1000 10000)))
(group (index 1022) (money (235 20000)) 
		    (item (280 277 0) (325 285 0) (370 293 0) (415 301 0) (460 309 0)
		    (505 280 0) (550 281 0) (595 288 0) (640 289 0) (685 296 0) (730 297 0) (775 304 0)
		    (820 305 0) (865 312 0) (910 313 0) (955 316 0) (1000 318 0)))
(group (index 1023) (money (600 20000) (900 25000) (1000 30000)))
(group (index 1024) (money (400 25000) (520 30000)) 
		    (item (540 572 0) (560 573 0) (580 574 0) (600 578 0) (620 579 0) (640 580 0)
		    (660 581 0) (680 582 0) (700 583 0) (720 251 0) (740 252 0) (760 253 0) (780 254 0)
		    (800 255 0) (820 256 0) (840 257 0) (860 258 0) (880 259 0) (900 260 0) (920 261 0)
		    (940 262 0) (960 263 0) (980 264 0) (1000 265 0)))
(group (index 1025) (money (600 40000) (900 45000) (1000 50000)))
(group (index 1026) (money (400 45000) (520 50000)) 
		    (item (530 242 0) (540 243 0) (550 244 0) (560 440 0) (570 441 0) (580 442 0)
		    (600 245 0) (620 246 0) (640 247 0) (660 248 0) (680 249 0) (700 250 0) (720 251 0)
		    (740 252 0) (760 253 0) (780 254 0) (800 255 0) (820 256 0) (840 257 0) (860 258 0) 
		    (880 259 0) (900 260 0) (920 261 0) (940 262 0) (960 263 0) (980 264 0) (1000 265 0)))
(group (index 1027) (money (450 70000)) 
		    (item (500 327 0) (550 328 0) (600 329 0) (650 330 0) (700 331 0) (750 332 0)
		    (800 277 0) (850 285 0) (900 293 0) (950 301 0) (1000 309 0)))
(group (index 1028) (money (600 70000) (900 80000) (1000 100000)))
;나무상자 드롭
(group (index 1030) (money (250 100)) 
		    (item (830 47 0) (900 366 0) (930 638 0) (1000 366 0)))
(group (index 1031) (money (250 300)) 
		    (item (830 47 0) (900 366 0) (930 638 0) (1000 366 0)))
(group (index 1032) (money (250 600)) 
		    (item (830 48 0) (900 367 0) (930 638 0) (1000 367 0)))
(group (index 1033) (money (250 1000)) 
		    (item (600 48 0) (670 367 0) (700 638 0) (850 367 0) (1000 367 0)))
(group (index 1034) (money (250 1500)) 
		    (item (600 48 0) (670 368 0) (700 638 0) (850 368 0) (1000 368 0)))
(group (index 1035) (money (250 2000)) 
		    (item (600 48 0) (670 369 0) (700 638 0) (850 369 0) (1000 369 0)))
(group (index 1036) (money (250 3000)) 
		    (item (600 48 0) (670 370 0) (700 638 0) (850 370 0) (1000 370 0)))
(group (index 1037) (item (800 396 0)))
(group (index 1038) (item (800 397 0)))
(group (index 1039) (item (800 398 0)))
;(group (index 1040) (item (1000 653 0)))
;설날이벤트 아이템 추가 드롭
;(group (index 1041) (item (20 868 0) (22 869 0) (24 870 0) (26 871 0) (28 872 0) 
;                          (30 873 0) (33 874 0) (34 875 0) (35 876 0) (36 877 0) (37 878 0)))



;(group (index 1011) (money (확률 돈량)) (item (확률 아이템인덱스 접두사인덱스)))
;(group (index ) (money () 	) (item () 	))



;아이템그룹
(itemgroup (index 1) (group (850 101) (910 201) (920 316)))
(itemgroup (index 2) (group (850 102) (910 201) (920 316)))
(itemgroup (index 3) (group (850 103) (910 202) (920 316)))
(itemgroup (index 4) (group (850 104) (910 202) (920 316)))
(itemgroup (index 5) (group (850 105) (910 203) (920 316)))
(itemgroup (index 6) (group (850 106) (910 204) (920 316)))
(itemgroup (index 7) (group (850 107) (910 205) (920 316)))
(itemgroup (index 8) (group (850 108) (910 206)))
(itemgroup (index 9) (group (850 109) (910 207) (920 316)))
(itemgroup (index 10) (group (850 110) (910 208) (920 508)))
(itemgroup (index 11) (group (850 111) (910 209) (920 317) (915 505)))
(itemgroup (index 12) (group (850 112) (910 210) (920 317) (915 505)))
(itemgroup (index 13) (group (850 113) (910 402) (920 211) (915 318)))
(itemgroup (index 14) (group (850 114) (910 403) (920 212) (915 317)))
(itemgroup (index 15) (group (850 115) (910 404) (920 223) (915 317)))
(itemgroup (index 16) (group (850 116) (910 405) (920 213) (915 318)))
(itemgroup (index 17) (group (850 117) (910 406) (920 224) (915 318)))
(itemgroup (index 18) (group (850 118) (910 407) (920 214) (915 318)))
(itemgroup (index 19) (group (850 119) (910 408) (920 215) (915 318)))
(itemgroup (index 20) (group (850 120) (910 409) (920 216) (915 318)))
(itemgroup (index 21) (group (850 121) (910 410) (920 217) (915 318)))
(itemgroup (index 22) (group (850 122) (910 411) (920 218) (915 318)))
(itemgroup (index 23) (group (850 123) (910 412) (920 219) (915 318)))
(itemgroup (index 24) (group (850 124) (910 413) (920 225) (915 318)))
(itemgroup (index 25) (group (850 125) (910 414) (920 220) (915 318)))
(itemgroup (index 26) (group (850 126) (910 415) (920 221) (915 318)))
(itemgroup (index 27) (group (850 127) (910 222) (920 318) (915 509)))
(itemgroup (index 28) (group (850 128) (910 226) (920 318) (915 510)))
(itemgroup (index 29) (group (850 129) (910 416) (920 227) (915 301)))
(itemgroup (index 30) (group (850 130) (910 417) (920 228) (915 302)))
(itemgroup (index 31) (group (850 131) (910 418) (920 229) (915 303)))
(itemgroup (index 32) (group (850 132) (910 419) (920 230) (915 304)))
(itemgroup (index 33) (group (850 133) (910 420) (920 231) (915 305)))
(itemgroup (index 34) (group (850 134) (910 421) (920 232) (915 306)))
(itemgroup (index 35) (group (850 135) (910 422) (920 239) (915 307)))
(itemgroup (index 36) (group (850 136) (910 423) (920 233) (915 308)))
(itemgroup (index 37) (group (850 137) (910 424) (920 234) (915 309)))
(itemgroup (index 38) (group (850 138) (910 425) (920 235) (915 310)))
(itemgroup (index 39) (group (850 139) (910 426) (920 236) (915 311)))
(itemgroup (index 40) (group (850 140) (910 427) (920 237) (915 312)))
(itemgroup (index 41) (group (850 141) (910 428) (920 238) (915 512)))
(itemgroup (index 42) (group (850 142) (910 429) (920 238) (915 313)))
(itemgroup (index 43) (group (850 143) (910 240) (920 314) (915 513)))
(itemgroup (index 44) (group (850 144) (910 241) (920 314) (915 513)))
(itemgroup (index 45) (group (850 145) (910 242) (920 314) (915 513)))
(itemgroup (index 46) (group (850 146) (910 243) (920 314) (915 513)))
(itemgroup (index 47) (group (850 147) (910 244) (920 314) (915 513)))
(itemgroup (index 48) (group (850 148) (910 245) (920 314) (915 513)))
(itemgroup (index 49) (group (850 149) (910 246) (920 314) (915 513)))
(itemgroup (index 50) (group (850 150) (910 247) (920 315) (915 528)))
(itemgroup (index 51) (group (850 151) (910 248) (920 315) (915 529)))
(itemgroup (index 52) (group (850 152) (910 249) (920 315) (915 530)))
(itemgroup (index 53) (group (850 153) (910 250) (920 315) (915 501)))
(itemgroup (index 54) (group (850 154) (910 251) (920 315) (915 530)))
(itemgroup (index 55) (group (850 155) (910 252) (920 319) (915 529)))
(itemgroup (index 56) (group (850 156) (910 253) (920 319) (915 528)))
(itemgroup (index 57) (group (850 157) (910 254) (920 320) (915 519)))
(itemgroup (index 58) (group (850 158) (910 255) (920 320) (915 520)))
(itemgroup (index 59) (group (850 159) (910 256) (920 320) (915 521)))
(itemgroup (index 60) (group (850 160) (910 257) (920 320) (915 522)))
(itemgroup (index 61) (group (850 161) (910 258) (920 320) (915 523)))
(itemgroup (index 62) (group (850 162) (910 259) (920 320) (915 514)))
(itemgroup (index 63) (group (850 163) (910 260) (920 320) (915 514)))
(itemgroup (index 64) (group (850 164) (910 261) (920 320) (915 524)))
(itemgroup (index 65) (group (850 165) (910 262) (920 320) (915 525)))
(itemgroup (index 66) (group (850 162) (910 263) (920 320) (915 515)))
(itemgroup (index 67) (group (850 163) (910 264) (920 320) (915 515)))
(itemgroup (index 68) (group (850 164) (910 265) (920 320) (915 526)))
(itemgroup (index 69) (group (850 165) (910 266) (920 320) (915 526)))
(itemgroup (index 70) (group (850 162) (910 267) (920 320) (915 516)))
(itemgroup (index 71) (group (850 163) (910 268) (920 320) (915 516)))
(itemgroup (index 72) (group (850 164) (910 269) (920 320) (915 527)))
(itemgroup (index 73) (group (850 165) (910 270) (920 320) (915 527)))
(itemgroup (index 74) (group (850 162) (910 271) (920 320) (915 517)))
(itemgroup (index 75) (group (850 163) (910 272) (920 320) (915 518)))
(itemgroup (index 76) (group (850 164) (910 273) (920 320) (915 517)))
(itemgroup (index 77) (group (850 165) (910 274) (920 320) (915 518)))
(itemgroup (index 78) (group (850 166) (910 275) (920 321) (915 531)))
(itemgroup (index 79) (group (850 166) (910 276) (920 321) (915 532)))
(itemgroup (index 80) (group (850 166) (910 277) (920 321) (915 533)))
(itemgroup (index 81) (group (850 166) (910 278) (920 321) (915 534)))
(itemgroup (index 82) (group (850 167) (910 279) (920 321) (915 535)))
(itemgroup (index 83) (group (850 167) (910 280) (920 321) (915 536)))
(itemgroup (index 84) (group (850 167) (910 281) (920 321) (915 537)))
(itemgroup (index 85) (group (850 167) (910 282) (920 321) (915 538)))
(itemgroup (index 86) (group (850 168) (910 283) (920 321) (915 539)))
(itemgroup (index 87) (group (850 168) (910 284) (920 321) (915 540)))
(itemgroup (index 88) (group (850 168) (910 285) (920 321) (915 541)))
(itemgroup (index 89) (group (850 168) (910 286) (920 321) (915 542)))
(itemgroup (index 90) (group (850 169) (910 287) (920 321) (915 543)))
(itemgroup (index 91) (group (850 169) (910 288) (920 321) (915 544)))
(itemgroup (index 92) (group (850 169) (910 289) (920 321) (915 545)))
(itemgroup (index 93) (group (850 170) (910 290) (920 321) (915 546)))
(itemgroup (index 94) (group (850 171) (910 291) (920 321) (915 546)))
(itemgroup (index 95) (group (850 172) (910 292) (920 320) (915 547)))
(itemgroup (index 96) (group (850 172) (910 293) (920 320) (915 548)))
(itemgroup (index 97) (group (850 173) (910 294) (920 320) (915 549)))
(itemgroup (index 98) (group (850 174) (910 295) (920 320) (915 549)))
(itemgroup (index 99) (group (850 166) (910 296) (920 322) (915 550)))
(itemgroup (index 100) (group (850 167) (910 297) (920 322) (915 550)))
(itemgroup (index 101) (group (850 173) (910 298) (920 320) (915 551)))
(itemgroup (index 102) (group (850 174) (910 299) (920 320) (915 551)))
(itemgroup (index 103) (group (850 166) (910 701) (920 322) (915 552)))
(itemgroup (index 104) (group (850 167) (910 702) (920 322) (915 552)))
(itemgroup (index 105) (group (850 173) (910 703) (920 320) (915 553)))
(itemgroup (index 106) (group (850 174) (910 704) (920 320) (915 553)))
(itemgroup (index 107) (group (850 166) (910 705) (920 322) (915 554)))
(itemgroup (index 108) (group (850 167) (910 706) (920 322) (915 554)))
(itemgroup (index 109) (group (850 173) (910 707) (920 320) (915 555)))
(itemgroup (index 110) (group (850 174) (910 708) (920 320) (915 555)))
(itemgroup (index 111) (group (850 166) (910 709) (920 322) (915 556)))
(itemgroup (index 112) (group (850 167) (910 710) (920 322) (915 556)))
(itemgroup (index 113) (group (850 167) (910 711) (920 322) (915 557)))
(itemgroup (index 114) (group (850 175) (910 712) (920 322) (915 558)))
(itemgroup (index 115) (group (850 176) (910 713) (920 322) (915 559)))
(itemgroup (index 116) (group (850 177) (910 714) (920 322) (915 560)))
(itemgroup (index 117) (group (850 178) (910 715) (920 322) (915 561)))
(itemgroup (index 118) (group (850 179) (910 716) (920 322) (915 562)))
(itemgroup (index 119) (group (850 180) (910 717) (920 322) (915 560)))
(itemgroup (index 120) (group (850 181) (910 718) (920 322) (915 559)))
(itemgroup (index 121) (group (850 182) (950 719) (960 322)))
(itemgroup (index 122) (group (850 182) (950 720) (960 322)))
(itemgroup (index 123) (group (850 182) (950 721) (960 322)))
(itemgroup (index 124) (group (850 183) (950 722) (960 322)))
(itemgroup (index 125) (group (850 184) (950 722) (960 322)))
(itemgroup (index 126) (group (850 185) (950 722) (960 322)))
(itemgroup (index 127) (group (850 186) (950 723) (960 322)))
(itemgroup (index 128) (group (91 187) (850 724) (925 319) (920 563)))
(itemgroup (index 129) (group (91 188) (850 725) (925 319) (920 564)))
(itemgroup (index 130) (group (91 189) (850 726) (925 319) (920 565)))
(itemgroup (index 131) (group (91 190) (850 727) (925 319) (920 501)))
(itemgroup (index 132) (group (91 191) (850 728) (925 319) (920 565)))
(itemgroup (index 133) (group (91 192) (850 729) (925 319) (920 564)))
(itemgroup (index 134) (group (91 193) (850 730) (925 319) (920 563)))
;Dungeon 3
(itemgroup (index 135) (group (91 194) (600 2052) (925 731) (920 322)))
(itemgroup (index 136) (group (91 195) (600 2053) (925 732) (920 322)))
(itemgroup (index 137) (group (91 196) (600 2054) (925 733) (920 322)))
(itemgroup (index 138) (group (91 196) (600 2055) (925 731) (920 322)))
(itemgroup (index 139) (group (91 197) (600 2056) (925 732) (920 322)))
(itemgroup (index 140) (group (91 198) (600 2057) (925 733) (920 322)))
(itemgroup (index 141) (group (91 198) (600 2058) (925 731) (920 322)))
(itemgroup (index 142) (group (91 199) (600 2059) (925 732) (920 322)))
(itemgroup (index 143) (group (91 2000) (600 2060) (945 733) (940 322)))
(itemgroup (index 144) (group (91 2001) (600 2061) (945 731) (940 322)))
(itemgroup (index 145) (group (91 2002) (600 2062) (945 732) (940 322)))
(itemgroup (index 146) (group (91 2003) (600 2063) (945 733) (940 322)))
(itemgroup (index 147) (group (91 2004) (600 2064) (945 731) (940 322)))
(itemgroup (index 148) (group (91 2005) (600 2065) (945 732) (940 322)))
(itemgroup (index 149) (group (91 2006) (600 2066) (945 733) (940 322)))
(itemgroup (index 150) (group (91 2007) (600 2067) (945 731) (940 322)))
(itemgroup (index 151) (group (91 2008) (600 2068) (945 732) (940 322)))
(itemgroup (index 152) (group (91 2009) (600 2069) (945 733) (940 322)))
(itemgroup (index 153) (group (91 2010) (600 2070) (945 731) (940 322)))
(itemgroup (index 154) (group (91 2011) (600 2071) (945 732) (940 322)))
(itemgroup (index 155) (group (91 2012) (600 2072) (945 733) (940 322)))
(itemgroup (index 156) (group (91 2013) (600 2073) (945 734) (940 322)))
(itemgroup (index 157) (group (91 2014) (600 2074) (945 735) (940 322)))
(itemgroup (index 158) (group (91 2015) (600 2075) (945 736) (940 322)))
(itemgroup (index 159) (group (91 2016) (600 2076) (945 736) (940 322)))
(itemgroup (index 160) (group (91 2017) (600 2077) (945 735) (940 322)))
(itemgroup (index 161) (group (91 2018) (600 2078) (945 734) (940 322)))
(itemgroup (index 162) (group (91 2019) (600 2079) (945 734) (940 322)))
(itemgroup (index 163) (group (91 2020) (600 2080) (945 735) (940 322)))
(itemgroup (index 164) (group (91 2021) (600 2081) (945 736) (940 322)))
(itemgroup (index 165) (group (91 2022) (600 2082) (945 737) (940 322)))
(itemgroup (index 166) (group (91 2023) (600 2083) (945 738) (940 322)))
(itemgroup (index 167) (group (91 2024) (600 2084) (945 739) (940 322)))
(itemgroup (index 168) (group (91 2025) (600 2085) (945 739) (940 322)))
(itemgroup (index 169) (group (91 2026) (600 2086) (945 738) (940 322)))
(itemgroup (index 170) (group (91 2027) (600 2087) (945 737) (940 322)))
(itemgroup (index 171) (group (91 2028) (600 2088) (945 737) (940 322)))
(itemgroup (index 172) (group (91 2029) (600 2089) (945 738) (940 322)))
(itemgroup (index 173) (group (91 2030) (600 2090) (945 739) (940 322)))
(itemgroup (index 174) (group (91 2031) (600 2091) (945 739) (940 322)))
(itemgroup (index 175) (group (91 2030) (600 2092) (945 738) (940 322)))
(itemgroup (index 176) (group (91 2031) (600 2093) (945 737) (940 322)))
(itemgroup (index 177) (group (91 2032) (600 2094) (945 737) (940 322)))
(itemgroup (index 178) (group (91 2033) (600 2095) (945 738) (940 322)))
(itemgroup (index 179) (group (91 2034) (600 2096) (945 739) (940 322)))
(itemgroup (index 180) (group (91 2035) (600 2097) (945 739) (940 322)))
(itemgroup (index 181) (group (91 2036) (600 2098) (945 738) (940 322)))
(itemgroup (index 182) (group (91 2037) (600 2099) (945 737) (940 322)))
(itemgroup (index 183) (group (91 2038) (600 2100) (945 737) (940 322)))
(itemgroup (index 184) (group (91 2039) (600 2101) (945 738) (940 322)))
(itemgroup (index 185) (group (91 2040) (600 2102) (945 739) (940 322)))
(itemgroup (index 186) (group (91 2041) (600 2103) (945 739) (940 322)))
(itemgroup (index 187) (group (91 2042) (600 2104) (945 738) (940 322)))
(itemgroup (index 188) (group (91 2043) (600 2105) (945 737) (940 322)))
(itemgroup (index 189) (group (91 2044) (600 2106) (945 737) (940 322)))
(itemgroup (index 190) (group (91 2045) (600 2107) (945 738) (940 322)))
(itemgroup (index 191) (group (91 2046) (600 2108) (945 739) (940 322)))
(itemgroup (index 192) (group (850 2047) (900 2049) (970 2051) (1000 2123)))
(itemgroup (index 193) (group (850 2048)))
(itemgroup (index 194) (group (700 2109) (600 2110) (860 2111) (900 2112) (935 2113) (940 2114) (980 2115) (984 2116) (992 2117) (946 2118))) 
(itemgroup (index 195) (group (700 2109) (600 2110) (860 2111) (900 2112) (935 2113) (940 2114) (980 2115) (984 2116) (992 2117) (946 2118)))
(itemgroup (index 196) (group (700 2109) (600 2110) (860 2111) (900 2112) (935 2113) (940 2114) (980 2115) (984 2116) (992 2117) (946 2118)))
(itemgroup (index 197) (group (700 2109) (600 2110) (860 2111) (900 2112) (935 2113) (940 2114) (980 2115) (984 2116) (992 2117) (946 2118)))
(itemgroup (index 198) (group (700 2109) (600 2110) (860 2111) (900 2112) (935 2113) (940 2114) (980 2115) (984 2116) (992 2117) (946 2118)))
(itemgroup (index 199) (group (700 2119) (880 2120) (910 2121) ))
(itemgroup (index 200) (group (30 2022) (845 2082) (940 322)))
(itemgroup (index 201) (group (30 2023) (845 2083) (940 322)))
(itemgroup (index 202) (group (30 2024) (845 2084) (940 322)))
(itemgroup (index 203) (group (30 2025) (845 2085) (940 322)))
(itemgroup (index 204) (group (30 2026) (845 2086) (940 322)))
(itemgroup (index 205) (group (30 2027) (845 2087) (940 322)))
(itemgroup (index 206) (group (25 2028) (845 2088) (940 322)))
(itemgroup (index 207) (group (25 2029) (845 2089) (940 322)))
(itemgroup (index 208) (group (25 2030) (845 2090) (940 322)))
(itemgroup (index 209) (group (25 2031) (845 2091) (940 322)))
(itemgroup (index 210) (group (25 2030) (845 2092) (940 322)))
(itemgroup (index 211) (group (25 2031) (845 2093) (940 322)))
(itemgroup (index 212) (group (25 2032) (845 2094) (940 322)))
(itemgroup (index 213) (group (25 2033) (845 2095) (940 322)))
(itemgroup (index 214) (group (25 2034) (845 2096) (940 322)))
(itemgroup (index 215) (group (2 2035) (845 2097) (940 322)))
(itemgroup (index 216) (group (2 2036) (845 2098) (940 322)))
(itemgroup (index 217) (group (2 2037) (845 2099) (940 322)))
(itemgroup (index 218) (group (2 2038) (845 2100) (940 322)))
(itemgroup (index 219) (group (2 2039) (845 2101) (940 322)))
(itemgroup (index 220) (group (2 2040) (845 2102) (940 322)))
(itemgroup (index 221) (group (1 2041) (845 2103) (940 322)))
(itemgroup (index 222) (group (1 2042) (845 2104) (940 322)))
(itemgroup (index 223) (group (1 2043) (845 2105) (940 322)))
(itemgroup (index 224) (group (1 2044) (845 2106) (940 322)))
(itemgroup (index 225) (group (1 2045) (845 2107) (940 322)))
(itemgroup (index 226) (group (1 2046) (845 2108) (940 322)))

(itemgroup (index 901) (group (100 901)))
(itemgroup (index 902) (group (100 902)))
(itemgroup (index 903) (group (800 903)))
(itemgroup (index 904) (group (800 904)))
(itemgroup (index 905) (group (200 905)))
(itemgroup (index 906) (group (700 906)))
(itemgroup (index 907) (group (800 907)))
(itemgroup (index 908) (group (900 908)))
(itemgroup (index 909) (group (500 909)))
(itemgroup (index 910) (group (500 910)))
(itemgroup (index 911) (group (60 911)))
(itemgroup (index 912) (group (500 912)))
(itemgroup (index 913) (group (500 913)))
(itemgroup (index 914) (group (500 914)))
(itemgroup (index 915) (group (500 915)))
(itemgroup (index 916) (group (500 916)))
(itemgroup (index 917) (group (300 917)))
(itemgroup (index 918) (group (300 918)))
(itemgroup (index 919) (group (300 919)))
(itemgroup (index 920) (group (300 920)))
(itemgroup (index 921) (group (250 921)))
(itemgroup (index 922) (group (100 922)))
(itemgroup (index 923) (group (100 923)))
(itemgroup (index 924) (group (200 924)))
(itemgroup (index 925) (group (50 925)))
(itemgroup (index 926) (group (50 926)))
(itemgroup (index 927) (group (50 927)))
(itemgroup (index 928) (group (50 928)))
(itemgroup (index 929) (group (50 929)))
(itemgroup (index 930) (group (50 930)))
(itemgroup (index 931) (group (240 931)))
(itemgroup (index 932) (group (280 932)))
;(itemgroup (index 933) (group (600 933)))
(itemgroup (index 934) (group (240 934)))
(itemgroup (index 935) (group (6 935)))
(itemgroup (index 936) (group (6 936)))
(itemgroup (index 937) (group (30 937)))
(itemgroup (index 938) (group (30 938)))
(itemgroup (index 939) (group (30 939)))
(itemgroup (index 940) (group (30 940)))
(itemgroup (index 941) (group (30 941)))
(itemgroup (index 942) (group (30 942)))
(itemgroup (index 943) (group (30 943)))
(itemgroup (index 944) (group (300 944)))
(itemgroup (index 945) (group (100 945)))
(itemgroup (index 946) (group (100 946)))
(itemgroup (index 947) (group (100 947)))
(itemgroup (index 948) (group (100 948)))
(itemgroup (index 949) (group (100 949)))
(itemgroup (index 950) (group (100 950)))
(itemgroup (index 951) (group (100 951)))
(itemgroup (index 952) (group (1000 952)))
(itemgroup (index 953) (group (1000 953)))
(itemgroup (index 954) (group (1000 954)))
(itemgroup (index 955) (group (1000 955)))
(itemgroup (index 956) (group (1000 956)))
(itemgroup (index 957) (group (1000 957)))
(itemgroup (index 958) (group (1000 958)))
(itemgroup (index 959) (group (1000 959)))
(itemgroup (index 960) (group (1000 960)))
(itemgroup (index 961) (group (1000 961)))
(itemgroup (index 962) (group (1000 962)))
(itemgroup (index 963) (group (1000 963)))
(itemgroup (index 964) (group (1000 964)))
(itemgroup (index 965) (group (1000 965)))
(itemgroup (index 966) (group (1000 966)))
(itemgroup (index 967) (group (1000 967)))
(itemgroup (index 968) (group (1000 968)))
(itemgroup (index 969) (group (1000 969)))
(itemgroup (index 970) (group (1000 970)))
(itemgroup (index 971) (group (1000 971)))
(itemgroup (index 972) (group (1000 972)))
(itemgroup (index 973) (group ))
(itemgroup (index 974) (group ))
(itemgroup (index 975) (group ))
(itemgroup (index 976) (group ))
(itemgroup (index 977) (group ))
(itemgroup (index 978) (group ))
(itemgroup (index 979) (group ))
(itemgroup (index 980) (group (1000 980)))
(itemgroup (index 981) (group (1000 981)))
(itemgroup (index 982) (group (1000 982)))
(itemgroup (index 983) (group (1000 983)))
(itemgroup (index 984) (group (1000 984)))
(itemgroup (index 985) (group (1000 985)))
(itemgroup (index 986) (group (1000 986)))
(itemgroup (index 987) (group ))
(itemgroup (index 988) (group (1000 988)))
(itemgroup (index 989) (group (1000 989)))
(itemgroup (index 990) (group (1000 990)))
(itemgroup (index 991) (group (1000 991)))
(itemgroup (index 992) (group (1000 992)))
(itemgroup (index 993) (group (1000 993)))
(itemgroup (index 994) (group (1000 994)))
(itemgroup (index 995) (group (1000 995)))
(itemgroup (index 996) (group (1000 996)))
(itemgroup (index 997) (group (1000 997)))
(itemgroup (index 998) (group (1000 998)))
(itemgroup (index 999) (group (1000 999)))
(itemgroup (index 1000) (group (1000 1000)))
(itemgroup (index 1001) (group (1000 1001)))
(itemgroup (index 1002) (group (1000 1002)))
(itemgroup (index 1003) (group (1000 1003)))
(itemgroup (index 1004) (group (1000 1004)))
(itemgroup (index 1005) (group (500 1005) (1000 1010)))
(itemgroup (index 1006) (group (1000 1006)))
(itemgroup (index 1007) (group (1000 1007)))
(itemgroup (index 1008) (group (1000 1008)))
(itemgroup (index 1009) (group (1000 1009)))
;(itemgroup (index 1010) (group (900 1011) (980 1012) (1000 1013)))
;(itemgroup (index 1011) (group (900 1014) (980 1015) (1000 1016)))
;(itemgroup (index 1012) (group (900 1017) (980 1018) (1000 1016)))
;(itemgroup (index 1013) (group (960 1019) (980 1020) (1000 1016)))
;(itemgroup (index 1014) (group (980 1021) (990 1020) (1000 1022)))
;(itemgroup (index 1015) (group (980 1023) (990 1024) (1000 1022)))
;(itemgroup (index 1016) (group (980 1025) (990 1026) (1000 1027)))
;(itemgroup (index 1017) (group (980 1028) (990 1029) (1000 1027)))
;나무상자
(itemgroup (index 1018) (group (1000 1030)))
(itemgroup (index 1019) (group (1000 1031)))
(itemgroup (index 1020) (group (1000 1032)))
(itemgroup (index 1021) (group (1000 1033)))
(itemgroup (index 1022) (group (1000 1034)))
(itemgroup (index 1023) (group (1000 1035)))
(itemgroup (index 1024) (group (1000 1036)))
(itemgroup (index 1025) (group (300 1037)))
(itemgroup (index 1026) (group (300 1038)))
(itemgroup (index 1027) (group (300 1039)))
;(itemgroup (index 1028) (group (1000 1040)))
;설날이벤트 아이템 추가 드롭
;(itemgroup (index 1029) (group (1000 1041)))
(itemgroup (index 1030) (group (1000 2124)))
(itemgroup (index 1031) (group (1000 2125)))
;조합 아이템 드롭(속성의 돌)
(itemgroup (index 1032) (group (2 2126)))
(itemgroup (index 1033) (group (4 2128)))
(itemgroup (index 1034) (group (6 2130)))
;독도 아이템 드롭 추가(상투, 나막신)
(itemgroup (index 1035) (group (20 2131)))
(itemgroup (index 1036) (group (20 2132)))
(itemgroup (index 1037) (group (70 2133)))
(itemgroup (index 1038) (group (200 2134)))
(itemgroup (index 1039) (group (50 2135)))
(itemgroup (index 1040) (group (50 2136)))
(itemgroup (index 1041) (group (50 2137)))
(itemgroup (index 1042) (group (50 2138)))
;침략군 부장 도깨비 무기 드롭
(itemgroup (index 1043) (group (1 2116)))
;독도몬스터 부적 드롭
(itemgroup (index 1044) (group (1 2139)))
;독도몬스터 자모전 드롭
(itemgroup (index 1045) (group (1000 2052)))
(itemgroup (index 1046) (group (1000 2079)))
(itemgroup (index 1047) (group (1000 2055)))
(itemgroup (index 1048) (group (1000 2048)))


;(itemgroup (index 인덱스) (group (확률 소분류인덱스) () ()))
;(itemgroup (index ) (group () 	))


