;009 드랍 ver 04 - 나무상자 자모전 드롭 확률 50% 하락 20060403
;008 드랍 ver 04 - 어르신드랍 수정. 20060206
;007 드랍 ver 04 - 설날이벤트 아이템(868~878) 확률 조정. 드랍군 버젼 0.4 20060127
;006 드랍 ver 04 - 설날이벤트 아이템(868~878) 드롭 추가. 드랍군 버젼 0.4 20060120
;005 드랍 ver.03 - 시나리오2 태후 드랍군 수정. 80:14:6 (돈:50방:55방) + 60방 하나. 20번 드랍. 20060111
;004 드랍 ver.03 - 53무기, 50방어구, 56무기 드랍률 수정완료. 시나리오2 드랍군 추가 완료. 보스는 제외 20051227
;003 드랍 ver.03 - 53무기, 50방어구, 56무기 드랍률 수정중. ver.02 작업 이어 받음. 20051222
;002 드랍 ver.02 - 56무기 드랍률 수정중. 20051213
;001 드랍 ver.01 - 53무기, 50방어구 드랍률 수정. 20051213

;group A
(group (index 101) (money (920 2)) (item (960 443 0) (1000 47 0)))
(group (index 102) (money (860 3)) (item (900 443 0) (920 2 0) (940 23 0) (960 91 0) (1000 47 0)))
(group (index 103) (money (857 3)) (item (897 443 0) (918 2 0) (939 23 0) (960 91 0) (1000 47 0)))
(group (index 104) (money (848 4)) (item (888 443 0) (928 47 0) (952 2 0) (976 23 0) (1000 91 0)))
(group (index 105) (money (881 6)) (item (921 443 0) (934 6 0) (947 32 0) (960 70 0) (1000 47 0)))
(group (index 106) (money (879 8)) (item (919 443 0) (923 3 0) (925 92 0) (985 47 0) (987 6 0) (989 7 0) (991 8 0) (993 9 0)
					(995 10 0) (996 70 0) (997 71 0) (998 72 0) (999 73 0) (1000 74 0)))
(group (index 107) (money (979 8)) (item (919 443 0) (923 24 0) (925 92 0) (985 47 0) (987 32 0) (989 33 0) (991 34 0) (993 35 0)
					(995 36 0) (996 70 0) (997 71 0) (998 72 0) (999 73 0) (1000 74 0)))
(group (index 108) (money (895 10)) (item (925 443 0) (985 47 0) (990 3 0) (995 24 0) (1000 92 0)))
(group (index 109) (money (900 9)) (item (940 443 0) (1000 47 0)))
(group (index 110) (money (828 11)) (item (868 443 0) (870 93 0) (990 47 0) (992 70 0) (994 71 0) (996 72 0) (998 73 0) (1000 74 0)))
(group (index 111) (money (468 12)) (item (868 171 0) (870 4 0) (990 47 0) (992 6 0) (994 7 0) (996 8 0) (998 9 0) (1000 10 0)))
(group (index 112) (money (468 13)) (item (868 171 0) (870 25 0) (990 47 0) (992 32 0) (994 33 0) (996 34 0) (998 35 0) (1000 36 0)))
(group (index 113) (money (773 15)) (item (853 443 0) (993 47 0) (995 93 0) (996 75 0) (997 76 0) (998 77 0) (999 78 0) (1000 79 0)))
(group (index 114) (money (453 16)) (item (853 173 0) (855 25 0) (856 37 0) (857 38 0) (858 39 0) (859 40 0) (860 41 0) (1000 47 0)))
(group (index 115) (money (453 17)) (item (853 173 0) (855 4 0) (856 11 0) (857 12 0) (858 13 0) (859 14 0) (860 15 0) (1000 47 0)))
(group (index 116) (money (449 20)) (item (769 174 0) (849 443 0) (850 5 0) (990 47 0) (992 11 0) (994 12 0) (996 13 0) (998 14 0) (1000 15 0)))
(group (index 117) (money (449 20)) (item (769 175 0) (849 443 0) (850 26 0) (990 47 0) (992 37 0) (994 38 0) (996 39 0) (998 40 0) (1000 41 0)))
(group (index 118) (money (449 22)) (item (769 176 0) (849 443 0) (850 94 0) (930 47 0) (990 48 0)
					(992 75 0) (994 76 0) (996 77 0) (998 78 0) (1000 79 0)))
(group (index 119) (money (444 24)) (item (764 177 0) (844 443 0) (934 47 0) (994 48 0) (996 5 0) (998 26 0) (1000 94 0)))
(group (index 120) (money (421 24)) (item (741 178 0) (821 443 0) (921 47 0) (991 48 0) (992 59 0) (993 62 0) (994 95 0)
					(995 16 0) (996 17 0) (997 42 0) (998 43 0) (999 80 0) (1000 81 0)))
(group (index 121) (money (464 25)) (item (864 162 0) (944 47 0) (994 48 0) (996 59 0) (998 62 0) (1000 95 0)))
(group (index 122) (money (443 26)) (item (763 179 0) (843 443 0) (845 96 0) (846 80 0) (847 81 0) (848 82 0)
					(849 83 0) (850 84 0) (930 47 0) (1000 48 0)))
(group (index 123) (money (443 27)) (item (843 162 0) (845 27 0) (846 42 0) (847 43 0) (848 44 0)
					(849 45 0) (850 46 0) (950 47 0) (1000 48 0)))
(group (index 124) (money (443 28)) (item (763 180 9) (843 443 0) (845 21 0) (846 16 0) (847 17 0) (848 18 0)
					(849 19 0) (850 20 0) (950 47 0) (1000 48 0)))
(group (index 125) (money (474 29)) (item (874 162 0) (964 47 0) (994 48 0) (996 21 0) (998 27 0) (1000 96 0)))
(group (index 126) (money (477 30)) (item (797 163 0) (877 443 0) (967 47 0) (997 48 0) (998 60 0) (999 63 0) (1000 97 0)))
(group (index 127) (money (531 48)) (item (851 181 0) (931 443 0) (991 48 0) (994 60 0) (997 63 0) (1000 97 0)))
(group (index 128) (money (931 52)) (item (991 48 0) (994 61 0) (997 64 0) (1000 98 0)))
(group (index 129) (money (835 33)) (item (839 97 0) (840 98 0) (880 48 0) (1000 48 0)))
(group (index 130) (money (835 36)) (item (839 60 0) (840 61 0) (880 48 0) (1000 48 0)))
(group (index 131) (money (835 39)) (item (839 63 0) (840 64 0) (880 48 0) (1000 48 0)))
(group (index 132) (money (745 42)) (item (746 49 0) (747 50 0) (748 51 0) (749 52 0) (750 53 0) (800 48 0) (1000 48 0)))
(group (index 133) (money (745 45)) (item (746 54 0) (747 55 0) (748 56 0) (749 57 0) (750 58 0) (800 48 0) (1000 48 0)))
(group (index 134) (money (745 48)) (item (746 85 0) (747 86 0) (748 87 0) (749 88 0) (750 89 0) (800 48 0) (1000 48 0)))
(group (index 135) (money (585 54)) (item (586 49 0) (587 50 0) (588 51 0) (589 52 0) (590 53 0) (591 54 0)
					(592 55 0) (593 56 0) (594 57 0) (595 58 0) (596 85 0) (597 86 0)
					(598 87 0) (599 88 0) (600 89 0) (700 48 0) (1000 48 0)))
(group (index 136) (money (500 50)) (item (880 227 0) (1000 443 0)))
(group (index 137) (money (348 51)) (item (598 228 0) (748 443 0) (750 111 0) (800 48 0) (1000 48 0)))
(group (index 138) (money (348 54)) (item (598 229 0) (748 443 0) (750 105 0) (800 48 0) (1000 48 0)))
(group (index 139) (money (348 58)) (item (598 230 0) (748 443 0) (750 99 0) (800 48 0) (1000 48 0)))
(group (index 140) (money (341 62)) (item (591 231 0) (741 443 0) (743 99 0) (745 105 0) (747 111 0) (748 100 0)
					(749 106 0) (750 112 0) (800 48 0) (1000 48 0)))
(group (index 141) (money (294 92)) (item (534 232 0) (594 443 0) (595 101 0) (596 107 0) (597 113 0) (598 102 0)
					(599 108 0) (600 114 0) (700 48 0) (1000 48 0)))
(group (index 142) (money (285 54)) (item (485 233 0) (585 443 0) (586 117 0) (587 118 0) (588 119 0) (589 120 0) (590 121 0) (591 122 0)
					(592 123 0) (593 124 0) (594 125 0) (595 126 0) (596 127 0) (597 128 0)
					(598 129 0) (599 130 0) (600 131 0) (700 48 0) (1000 48 0)))
(group (index 143) (money (650 74)) (item (710 48 0) (740 443 0)))
(group (index 144) (money (650 75)) (item (710 48 0) (740 443 0)))
(group (index 145) (money (650 76)) (item (710 48 0) (740 443 0)))
(group (index 146) (money (650 77)) (item (710 48 0) (740 443 0)))
(group (index 147) (money (650 78)) (item (710 48 0) (740 443 0)))
(group (index 148) (money (650 79)) (item (710 48 0) (740 443 0)))
(group (index 149) (money (650 80)) (item (710 48 0) (740 443 0)))
(group (index 150) (money (650 124)) (item (710 48 0) (740 443 0)))
(group (index 151) (money (650 126)) (item (710 48 0) (740 443 0)))
(group (index 152) (money (650 128)) (item (710 48 0) (740 443 0)))
(group (index 153) (money (650 130)) (item (710 48 0) (740 443 0)))
(group (index 154) (money (650 132)) (item (710 48 0) (740 443 0)))
(group (index 155) (money (650 134)) (item (710 48 0) (740 443 0)))
(group (index 156) (money (650 136)) (item (710 48 0) (740 443 0)))
(group (index 157) (money (650 146)) (item (720 48 0) (750 443 0)))
(group (index 158) (money (650 148)) (item (720 48 0) (750 443 0)))
(group (index 159) (money (650 150)) (item (720 48 0) (750 443 0)))
(group (index 160) (money (650 152)) (item (720 48 0) (750 443 0)))
(group (index 161) (money (650 154)) (item (720 48 0) (750 443 0)))
(group (index 162) (money (650 156)) (item (720 48 0) (750 443 0)))
(group (index 163) (money (650 158)) (item (720 48 0) (750 443 0)))
(group (index 164) (money (650 160)) (item (720 48 0) (750 443 0)))
(group (index 165) (money (650 162)) (item (720 48 0) (750 443 0)))
(group (index 166) (money (750 196)) (item (800 48 0)))
(group (index 167) (money (750 214)) (item (800 48 0)))
(group (index 168) (money (750 232)) (item (800 48 0)))
(group (index 169) (money (750 250)) (item (800 48 0)))
(group (index 170) (money (750 304)) (item (800 48 0)))
(group (index 171) (money (750 328)) (item (800 48 0)))
(group (index 172) (money (650 154)) (item (720 48 0)))
(group (index 173) (money (650 156)) (item (720 48 0)))
(group (index 174) (money (650 160)) (item (720 48 0)))
(group (index 175) (money (750 220)) (item (800 48 0)))
(group (index 176) (money (750 226)) (item (800 48 0)))
(group (index 177) (money (750 232)) (item (800 48 0)))
(group (index 178) (money (750 238)) (item (800 48 0)))
(group (index 179) (money (750 244)) (item (800 48 0)))
(group (index 180) (money (750 250)) (item (800 48 0)))
(group (index 181) (money (750 256)) (item (800 48 0)))
(group (index 182) (money (800 280)))
(group (index 183) (money (800 334)))
(group (index 184) (money (800 362)))
(group (index 185) (money (800 390)))
(group (index 186) (money (800 418)))
(group (index 187) (money (650 136)) (item (710 48) (740 443)))
(group (index 188) (money (650 138)) (item (710 48) (740 443)))
(group (index 189) (money (650 140)) (item (710 48) (740 443)))
(group (index 190) (money (650 143)) (item (710 48) (740 443)))
(group (index 191) (money (650 145)) (item (710 48) (740 443)))
(group (index 192) (money (650 147)) (item (710 48) (740 443)))
(group (index 193) (money (650 149)) (item (710 48) (740 443)))
(group (index 194) (money (800 203)) (item (803 641) (806 642)))
(group (index 195) (money (800 206)) (item (803 641) (806 642)))
(group (index 196) (money (800 209)) (item (803 641) (806 642)))
(group (index 197) (money (800 212)) (item (803 641) (806 642)))
(group (index 198) (money (800 215)) (item (803 641) (806 642)))
(group (index 199) (money (800 218)) (item (803 641) (806 642)))
(group (index 2000) (money (800 221)) (item (803 641) (806 642)))
(group (index 2001) (money (800 224)) (item (803 642) (806 643)))
(group (index 2002) (money (800 227)) (item (803 642) (806 643)))
(group (index 2003) (money (800 230)) (item (803 642) (806 643)))
(group (index 2004) (money (800 223)) (item (803 642) (806 643)))
(group (index 2005) (money (800 226)) (item (803 642) (806 643)))
(group (index 2006) (money (800 229)) (item (803 642) (806 643)))
(group (index 2007) (money (800 232)) (item (803 642) (806 643)))
(group (index 2008) (money (800 235)) (item (803 642) (806 643)))
(group (index 2009) (money (800 238)) (item (803 642) (806 643)))
(group (index 2010) (money (800 241)) (item (803 643) (806 644)))
(group (index 2011) (money (800 244)) (item (803 643) (806 644)))
(group (index 2012) (money (800 247)) (item (803 643) (806 644)))
(group (index 2013) (money (800 244)) (item (803 643) (806 644)))
(group (index 2014) (money (800 247)) (item (803 643) (806 644)))
(group (index 2015) (money (800 250)) (item (803 643) (806 644)))
(group (index 2016) (money (800 250)) (item (803 643) (806 644)))
(group (index 2017) (money (800 253)) (item (803 643) (806 644)))
(group (index 2018) (money (800 256)) (item (803 643) (806 644)))
(group (index 2019) (money (800 259)) (item (803 644) (806 645)))
(group (index 2020) (money (800 264)) (item (803 644) (806 645)))
(group (index 2021) (money (800 269)) (item (803 644) (806 645)))
(group (index 2022) (money (800 288)) (item (803 644) (806 645)))
(group (index 2023) (money (800 290)) (item (803 644) (806 645)))
(group (index 2024) (money (800 292)) (item (803 644) (806 645)))
(group (index 2025) (money (800 294)) (item (803 644) (806 645)))
(group (index 2026) (money (800 296)) (item (803 644) (806 645)))
(group (index 2027) (money (800 298)) (item (803 644) (806 645)))
(group (index 2028) (money (800 296)) (item (803 645) (805 646)))
(group (index 2029) (money (800 298)) (item (803 645) (805 646)))
(group (index 2030) (money (800 300)) (item (803 645) (805 646)))
(group (index 2031) (money (800 302)) (item (803 645) (805 646)))
(group (index 2032) (money (800 300)) (item (803 645) (805 646)))
(group (index 2033) (money (800 302)) (item (803 645) (805 646)))
(group (index 2034) (money (800 304)) (item (803 645) (805 646)))
(group (index 2035) (money (800 306)) (item (820 646) (821 647)))
(group (index 2036) (money (800 308)) (item (820 646) (821 647)))
(group (index 2037) (money (800 310)) (item (820 646) (821 647)))
(group (index 2038) (money (800 312)) (item (820 646) (821 647)))
(group (index 2039) (money (800 314)) (item (820 646) (821 647)))
(group (index 2040) (money (800 316)) (item (820 646) (821 647)))
(group (index 2041) (money (800 314)) (item (802 647) (803 648)))
(group (index 2042) (money (800 316)) (item (802 647) (803 648)))
(group (index 2043) (money (800 318)) (item (802 647) (803 648)))
(group (index 2044) (money (800 316)) (item (802 647) (803 648)))
(group (index 2045) (money (800 318)) (item (802 647) (803 648)))
(group (index 2046) (money (800 320)) (item (802 647) (803 648)))
(group (index 2048) (money (800 500)))
(group (index 2047) (money (610 100000)) (item (640 802 0) (670 803 0) (700 804 0) (730 805 0) (760 806 0) (790 807 0)
					(820 808 0) (850 809 0) (880 810 0) (910 811 0) (940 812 0) (970 813 0) (1000 431 0)))
(group (index 2049) (money (880 150000)) (item (890 814 0) (900 815 0) (910 816 0) (920 817 0) (930 818 0) (940 819 0)
					(950 820 0) (960 821 0) (970 822 0) (980 823 0) (990 824 0) (1000 825 0)))
(group (index 2050) (money (775 150000)) (item (790 715 0) (805 716 0) (820 717 0) (835 718 0) (850 719 0) (865 720 0)
					(880 721 0) (895 722 0) (910 723 0) (925 724 0) (940 725 0) (955 726 0)
					(970 727 0) (985 728 0) (1000 729 0)))
(group (index 2051) (money (940 200000)) (item (945 856 0) (950 857 0) (955 858 0) (960 859 0) (965 860 0) (970 861 0)
					(975 862 0) (980 863 0) (985 864 0) (990 865 0) (995 866 0) (1000 867 0)))
(group (index 2052) (money (900 203)))
(group (index 2053) (money (900 206)))
(group (index 2054) (money (900 209)))
(group (index 2055) (money (900 209)))
(group (index 2056) (money (900 212)))
(group (index 2057) (money (900 215)))
(group (index 2058) (money (900 215)))
(group (index 2059) (money (900 218)))
(group (index 2060) (money (900 221)))
(group (index 2061) (money (900 224)))
(group (index 2062) (money (900 227)))
(group (index 2063) (money (900 230)))
(group (index 2064) (money (900 223)))
(group (index 2065) (money (900 226)))
(group (index 2066) (money (900 229)))
(group (index 2067) (money (900 232)))
(group (index 2068) (money (900 235)))
(group (index 2069) (money (900 238)))
(group (index 2070) (money (900 241)))
(group (index 2071) (money (900 244)))
(group (index 2072) (money (900 247)))
(group (index 2073) (money (900 244)))
(group (index 2074) (money (900 247)))
(group (index 2075) (money (900 250)))
(group (index 2076) (money (900 250)))
(group (index 2077) (money (900 253)))
(group (index 2078) (money (900 256)))
(group (index 2079) (money (900 259)))
(group (index 2080) (money (900 264)))
(group (index 2081) (money (900 269)))
(group (index 2082) (money (900 288)))
(group (index 2083) (money (900 290)))
(group (index 2084) (money (900 292)))
(group (index 2085) (money (900 294)))
(group (index 2086) (money (900 296)))
(group (index 2087) (money (900 298)))
(group (index 2088) (money (900 296)))
(group (index 2089) (money (900 298)))
(group (index 2090) (money (900 300)))
(group (index 2091) (money (900 302)))
(group (index 2092) (money (900 300)))
(group (index 2093) (money (900 302)))
(group (index 2094) (money (900 300)))
(group (index 2095) (money (900 302)))
(group (index 2096) (money (900 304)))
(group (index 2097) (money (900 306)))
(group (index 2098) (money (900 308)))
(group (index 2099) (money (900 310)))
(group (index 2100) (money (900 312)))
(group (index 2101) (money (900 314)))
(group (index 2102) (money (900 316)))
(group (index 2103) (money (900 314)))
(group (index 2104) (money (900 316)))
(group (index 2105) (money (900 318)))
(group (index 2106) (money (900 316)))
(group (index 2107) (money (900 318)))
(group (index 2108) (money (900 320)))
(group (index 2109) (money (800 150)))
(group (index 2110) (item (3 276 0) (6 284 0) (9 292 0) (12 300 0) (15 308 0)
				(18 316 0) (21 318 0) (24 282 0) (27 290 0) (30 298 0)
				(33 306 0) (36 314 0) (37 322 0) (38 323 0) (39 324 0)
				(40 325 0) (41 326 0) (42 327 0) (43 328 0) (44 329 0)
				(45 330 0) (46 331 0) (47 332 0) (95 206 0) (143 207 0)))
(group (index 2111) (item (20 205 0) (40 206 0) (60 207 0) (80 638 0) (100 428 0) (120 413 0) (140 517 0)))
(group (index 2112) (item (1 221 0) (2 220 0)))
(group (index 2113) (item (4 251 0) (8 252 0) (12 253 0) (16 254 0) (20 255 0) (24 256 0) (28 257 0) (32 258 0) 
				(36 259 0) (40 260 0) (44 261 0) (48 262 0) (52 263 0) (56 264 0) (60 265 0)
				(64 242 0) (68 243 0) (72 244 0) (76 440 0) (80 441 0) (84 442 0) (88 245 0)
				(92 246 0) (96 247 0) (100 248 0) (104 249 0) (108 250 0)))
(group (index 2114) (item (9 457 0) (10 458 0) (11 459 0) (20 460 0) (21 461 0) (22 462 0) (31 463 0) 
				(32 464 0) (33 465 0) (42 466 0) (43 467 0) (44 468 0) (50 372 0)
				(56 373 0) (62 374 0) (68 375 0) (74 376 0) (80 377 0) (86 378 0)
				(92 379 0) (98 380 0) (104 381 0) (110 382 0) (116 383 0) (122 384 0)
				(128 385 0) (134 386 0) (144 431 0)))
(group (index 2115) (item (2 560 0) (4 561 0) (6 562 0) (8 563 0) (10 564 0) (12 565 0) (14 566 0) (16 567 0)
				(18 568 0) (20 569 0) (22 570 0) (24 571 0) (25 621 0) (26 622 0) (27 623 0)
				(28 624 0) (29 625 0) (30 626 0) (31 627 0) (32 628 0) (33 629 0) (34 630 0)
				(35 631 0) (36 632 0) (37 633 0) (38 634 0) (39 635 0) (43 431 0)))
(group (index 2116) (item (1 584 0) (2 585 0) (3 586 0) (4 587 0) (5 588 0) (6 589 0) (7 590 0) (8 591 0)
				(9 592 0) (10 593 0) (11 594 0) (12 595 0) (16 431 0)))
(group (index 2117) (item (2 560 0) (4 561 0) (6 562 0) (8 563 0) (10 564 0) (12 565 0) (14 566 0) (16 567 0)
				(18 568 0) (20 569 0) (22 570 0) (24 571 0) (25 621 0) (26 622 0) (27 623 0)
				(28 624 0) (29 625 0) (30 626 0) (31 627 0) (32 628 0) (33 629 0) (34 630 0)
				(35 631 0) (36 632 0) (37 633 0) (38 634 0) (39 635 0) (40 584 0) (41 585 0)
				(42 586 0) (43 587 0) (44 588 0) (45 589 0) (46 590 0) (47 591 0) (48 592 0)
				(49 593 0) (50 594 0) (51 595 0) (57 431 0)))
(group (index 2118) (item (2 457 0) (3 458 0) (4 459 0) (6 460 0) (7 461 0) (8 462 0) (10 463 0) (11 464 0)
				(12 465 0) (14 466 0) (15 467 0) (16 468 0) (20 431 0)))
(group (index 2119) (money (1000 100000)))
(group (index 2120) (money (100 100000)) (item (160 826 0) (220 827 0) (280 828 0) (340 829 0) (400 830 0) (460 831 0)
				(520 832 0) (580 833 0) (640 834 0) (700 835 0) (760 836 0) (820 837 0) (880 838 0)
				(940 839 0) (1000 840 0)))
(group (index 2121) (money (100 150000)) (item (160 841 0) (220 842 0) (280 843 0) (340 844 0) (400 845 0) (460 846 0)
				(520 847 0) (580 848 0) (640 849 0) (700 850 0) (760 851 0) (820 852 0) (880 853 0)
				(940 854 0) (1000 855 0)))
(group (index 2122) (money (100 200000)) (item (160 673 0) (220 674 0) (280 675 0) (340 676 0) (400 677 0) (460 678 0)
				(520 679 0) (580 680 0) (640 681 0) (700 682 0) (760 683 0) (820 684 0) (880 685 0)
				(940 686 0) (1000 687 0)))
(group (index 2123) (money (992 200000)) (item (994 665 0) (996 666 0) (998 667 0) (1000 668 0)))
(group (index 2124) (item (1000 684 0)))
(group (index 2125) (item (1000 760 0)))





;group B
(group (index 201) (money (400 4)) (item (500 1 1) (600 1 2) (700 90 21) (800 90 22) (900 22 41) (1000 22 42)))
(group (index 202) (money (529 4)) (item (679 1 1) (829 22 41) (979 90 21) (981 2 1) (983 23 1) (985 91 21)
					(987 2 41) (989 23 41) (991 91 41) (992 6 12) (993 32 12) (994 70 32)
					(995 3 68) (996 24 72) (997 92 76) (998 3 69) (999 24 73) (1000 92 77)))
(group (index 203) (money (961 7)) (item (967 2 1) (973 2 2) (979 91 21) (985 91 22) (991 23 41) (997 23 42)
					(998 3 69) (999 24 73) (1000 92 77)))
(group (index 204) (money (965 10)) (item (970 3 51) (974 3 52) (978 3 53) (982 3 55) (984 92 60) (986 92 61)
					(988 92 62) (990 92 64) (992 11 11) (994 11 12) (996 75 31)
					(998 3 69) (100 3 70)))
(group (index 205) (money (964 11)) (item (969 24 51) (973 24 52) (977 24 53) (981 24 54) (984 92 60) (986 92 61)
					(988 92 62) (990 92 64) (992 37 11) (994 37 12) (996 75 32)
					(998 24 73) (1000 24 74)))
(group (index 206) (money (967 13)) (item (977 4 2) (987 93 22) (997 25 42) (998 4 68) (999 25 72) (1000 93 76)))
(group (index 207) (money (967 11)) (item (975 4 1) (983 93 21) (991 25 41) (994 4 68) (997 25 72) (1000 93 76)))
(group (index 208) (money (966 13)) (item (973 93 22) (980 93 41) (986 93 23) (992 93 42) (994 93 60) (996 93 61)
					(997 75 32) (998 75 33) (999 75 34) (1000 94 76)))
(group (index 209) (money (966 15)) (item (973 4 2) (980 4 11) (986 4 3) (992 4 12) (994 4 51) (996 4 52)
					(997 11 12) (998 11 13) (999 11 14) (1000 5 68)))
(group (index 210) (money (966 15)) (item (973 25 42) (980 25 1) (986 25 43) (992 25 2) (994 25 51) (996 25 52)
					(997 37 12) (998 37 13) (999 37 14) (1000 26 72)))
(group (index 211) (money (981 17)) (item (984 94 21) (987 94 31) (989 94 22) (991 94 32) (993 75 65) (994 75 33)
					(995 76 34) (996 80 65) (997 80 33) (998 80 34) (999 94 76) (1000 94 77)))
(group (index 212) (money (981 19)) (item (984 26 42) (987 26 1) (989 26 43) (991 26 2) (993 37 56) (994 37 14)
					(995 38 14) (996 42 56) (997 42 13) (998 42 14) (999 26 73) (1000 26 74)))
(group (index 213) (money (988 22)) (item (990 5 53) (992 5 54) (993 59 3) (994 59 12) (995 59 13) (996 59 4)
					(997 16 14) (998 16 15) (999 17 15) (1000 5 71)))
(group (index 214) (money (988 25)) (item (990 94 62) (992 94 63) (993 95 23) (994 95 32) (995 95 33) (996 95 24)
					(997 80 34) (998 80 34) (999 81 35) (1000 94 79)))
(group (index 215) (money (988 26)) (item (990 59 4) (992 62 44) (994 95 24)
					(995 59 69) (996 62 73) (997 95 77) (998 59 70) (999 62 74) (1000 95 78)))
(group (index 216) (money (973 26)) (item (976 59 4) (979 62 44) (982 95 24) (983 21 3) (984 21 4) (985 96 23)
					(986 96 24) (987 27 43) (988 27 44) (990 59 69) (992 62 73) (994 95 77)
					(996 59 70) (998 62 74) (1000 95 78)))
(group (index 217) (money (973 27)) (item (975 21 13) (976 21 4) (977 21 5) (978 21 54) (980 27 3) (981 27 44)
					(982 27 45) (983 27 54) (985 96 33) (986 96 24) (987 96 25) (988 96 63)
					(991 59 71) (994 62 75) (997 95 79) (998 60 68) (999 63 72) (1000 97 76)))
(group (index 218) (money (994 28)) (item (996 96 25) (997 96 63) (998 97 23) (999 97 77) (1000 97 78)))
(group (index 219) (money (991 30)) (item (993 27 45) (994 27 54) (995 63 43) (996 54 14) (997 54 15) (998 55 12)
					(999 55 13) (1000 63 74)))
(group (index 220) (money (994 31)) (item (995 60 3) (996 63 43) (997 97 23) (998 60 71) (999 63 75) (1000 97 79)))
(group (index 221) (money (991 32)) (item (992 60 4) (993 63 44) (994 97 24) (996 60 71) (998 63 75) (1000 97 79)))
(group (index 222) (money (730 50)) (item (740 49 16) (750 50 16) (760 51 16) (770 52 16) (780 53 16) (790 54 16)
					(800 55 16) (810 56 16) (820 57 16) (830 58 16) (831 85 36) (832 86 36)
					(833 87 36) (834 88 36) (835 89 36) (845 60 4) (855 60 58) (865 60 59)
					(875 63 44) (885 63 58) (895 63 59) (905 97 24) (915 97 66) (925 97 67)
					(935 61 68) (945 64 72) (955 98 76)))
(group (index 223) (money (981 19)) (item (984 5 2) (987 5 11) (989 5 3) (991 5 12) (993 11 57) (994 11 14)
					(995 12 14) (996 16 57) (997 16 13) (998 16 14) (999 5 69) (1000 5 70)))
(group (index 224) (money (988 22)) (item (990 26 53) (992 26 54) (993 62 43) (994 62 2) (995 62 3) (996 62 44)
					(997 42 14) (998 42 15) (999 43 15) (1000 26 75)))
(group (index 225) (money (991 30)) (item (993 21 5) (994 21 54) (995 60 3) (996 49 14) (997 49 15) (998 50 12)
					(999 50 13) (1000 60 70)))
(group (index 226) (money (730 56)) (item (740 49 16) (750 50 16) (760 51 16) (770 52 16) (780 53 16) (790 54 16)
					(800 55 16) (810 56 16) (820 57 16) (830 58 16) (831 85 36) (832 86 36)
					(833 87 36) (834 88 36) (835 89 36) (845 60 4) (855 60 58) (865 60 59)
					(875 63 44) (885 63 58) (895 63 59) (905 97 24) (915 97 66) (925 97 67)
					(935 61 68) (945 64 72) (955 98 76)))
(group (index 227) (item (20 98 77) (40 98 78) (60 98 79) (61 220 0)
					(64 280 0) (67 283 0) (70 288 0) (73 291 0) (76 296 0)
					(79 299 0) (82 304 0) (85 307 0) (88 312 0) (91 316 0)
					(94 318 0) (96 319 0) (98 320 0) (100 321 0) (120 205 0) (220 446 0)))
(group (index 228) (item (20 61 69) (40 61 70) (60 61 71) (61 220 0)
					(64 280 0) (67 283 0) (70 288 0) (73 291 0) (76 296 0)
					(79 299 0) (82 304 0) (85 307 0) (88 312 0) (91 316 0)
					(94 318 0) (96 319 0) (98 320 0) (100 321 0) (120 205 0) (220 446 0)))
(group (index 229) (item (20 64 73) (40 64 74) (60 64 75) (61 220 0)
					(64 280 0) (67 283 0) (70 288 0) (73 291 0) (76 296 0)
					(79 299 0) (82 304 0) (85 307 0) (88 312 0) (91 316 0)
					(94 318 0) (96 319 0) (98 320 0) (100 321 0) (120 205 0) (220 446 0)))
(group (index 230) (item (10 99 68) (11 220 0)
					(14 280 0) (17 283 0) (20 288 0) (23 291 0) (26 296 0)
					(29 299 0) (32 304 0) (35 307 0) (38 312 0) (41 316 0)
					(44 318 0) (46 319 0) (48 320 0) (50 321 0) (70 205 0) (170 446 0)))
(group (index 231) (item (10 105 72) (11 220 0)
					(14 280 0) (17 283 0) (20 288 0) (23 291 0) (26 296 0)
					(29 299 0) (32 304 0) (35 307 0) (38 312 0) (41 316 0)
					(44 318 0) (46 319 0) (48 320 0) (50 321 0) (70 205 0) (170 446 0)))
(group (index 232) (item (10 111 76) (11 220 0)
					(14 280 0) (17 283 0) (20 288 0) (23 291 0) (26 296 0)
					(29 299 0) (32 304 0) (35 307 0) (38 312 0) (41 316 0)
					(44 318 0) (46 319 0) (48 320 0) (50 321 0) (70 205 0) (170 446 0)))
(group (index 233) (item (20 99 69) (40 105 73) (60 111 77)
					(63 275 0) (66 281 0) (69 289 0) (72 291 0) (75 297 0)
					(78 299 0) (81 305 0) (84 307 0) (87 313 0) (90 316 0)
					(93 318 0) (95 319 0) (97 320 0) (99 321 0) (124 206 0)
					(149 207 0) (249 446 0)))
(group (index 234) (item (10 111 78) (20 111 79)
					(23 275 0) (26 281 0) (29 289 0) (32 291 0) (35 297 0)
					(38 299 0) (41 305 0) (44 307 0) (47 313 0) (50 316 0)
					(53 318 0) (55 319 0) (57 320 0) (59 321 0) (84 206 0)
					(109 207 0) (209 446 0)))
(group (index 235) (item (10 105 74) (20 105 75)
					(23 275 0) (26 281 0) (29 289 0) (32 291 0) (35 297 0)
					(38 299 0) (41 305 0) (44 307 0) (47 313 0) (50 316 0)
					(53 318 0) (55 319 0) (57 320 0) (59 321 0) (84 206 0)
					(109 207 0) (209 446 0)))
(group (index 236) (item (10 99 70) (20 99 71)
					(23 275 0) (26 281 0) (29 289 0) (32 291 0) (35 297 0)
					(38 299 0) (41 305 0) (44 307 0) (47 313 0) (50 316 0)
					(53 318 0) (55 319 0) (57 320 0) (59 321 0) (84 206 0)
					(109 207 0) (209 446 0)))
(group (index 237) (item (10 102 68) (20 108 72) (30 114 76) (31 220 0)
					(34 275 0) (37 281 0) (40 289 0) (43 291 0) (46 297 0)
					(49 299 0) (52 305 0) (55 307 0) (58 313 0) (61 316 0)
					(64 318 0) (66 319 0) (68 320 0) (70 321 0) (95 206 0)
					(120 207 0) (220 446 0)))
(group (index 238) (item (10 102 69) (20 102 70) (30 102 71) (40 108 73) (50 108 74) (60 108 75)
					(70 114 77) (80 114 78) (90 114 79) (100 220 0) (105 221 0)
					(108 275 0) (111 281 0) (114 289 0) (117 291 0) (120 297 0)
					(123 299 0) (126 305 0) (129 307 0) (132 313 0) (135 316 0)
					(138 318 0) (140 319 0) (142 320 0) (144 321 0) (194 206 0)
					(244 207 0) (344 446 0)))
(group (index 239) (item (10 220 0) (15 221 0)
					(18 280 0) (21 283 0) (24 288 0) (27 291 0) (30 296 0)
					(33 299 0) (36 304 0) (39 307 0) (42 312 0) (45 316 0)
					(48 318 0) (50 319 0) (52 320 0) (54 321 0) (154 446 0)))
(group (index 240) (item (1 127 0) (2 128 0) (3 129 0) (4 130 0) (5 131 0) (7 114 0)
					(8 112 0) (9 113 0) (10 220 0) (11 114 76) (12 114 77)))
(group (index 241) (item (1 122 0) (2 123 0) (3 124 0) (4 125 0) (5 126 0) (7 108 0)
					(8 106 0) (9 107 0) (10 220 0) (11 108 73) (12 108 74)))
(group (index 242) (item (1 117 0) (2 118 0) (3 119 0) (4 120 0) (5 121 0) (7 102 0)
					(8 100 0) (9 101 0) (10 220 0) (11 102 68) (12 102 69)))
(group (index 243) (item (1 117 0) (2 118 0) (3 119 0) (4 120 0) (5 121 0) (8 102 0)
					(10 100 0) (12 101 0) (13 220 0) (14 102 69) (15 102 70)))
(group (index 244) (item (1 122 0) (2 123 0) (3 124 0) (4 125 0) (5 126 0) (8 108 0)
					(10 106 0) (12 107 0) (13 220 0) (14 108 73) (15 108 74)))
(group (index 245) (item (1 127 0) (2 128 0) (3 129 0) (4 130 0) (5 131 0) (8 114 0)
					(10 112 0) (12 113 0) (13 220 0) (14 114 77) (15 114 78)))
(group (index 246) (item (1 102 71) (2 100 0) (3 101 0) (4 108 75) (5 106 0)
					(6 107 0) (7 114 79) (8 112 0) (9 113 0) (10 117 0)
					(11 118 0) (12 119 0) (13 120 0) (14 121 0) (15 122 0)
					(16 123 0) (17 124 0) (18 125 0) (19 126 0) (20 127 0)
					(21 128 0) (22 129 0) (23 130 0) (24 131 0) (25 220 0)))
(group (index 247) (item (1 261 0) (2 262 0) (3 263 0) (4 264 0) (5 265 0)
					(13 114 0) (16 112 0) (19 113 0) (21 220 0)
					(22 112 76) (23 112 77) (24 113 76) (25 113 77)
					(29 127 22) (33 128 22) (37 129 22) (41 130 22) (45 131 22)))
(group (index 248) (item (1 251 0) (2 252 0) (3 253 0) (4 254 0) (5 255 0)
					(13 102 0) (16 100 0) (19 101 0) (21 220 0)
					(22 100 68) (23 100 69) (24 101 68) (25 101 69)
					(29 117 2) (33 118 2) (37 119 2) (41 120 2) (45 121 2) (49 429 0)))
(group (index 249) (item (1 256 0) (2 257 0) (3 258 0) (4 259 0) (5 260 0)
					(13 108 0) (16 106 0) (19 107 0) (21 220 0)
					(22 106 72) (23 106 73) (24 107 72) (25 107 73)
					(29 122 42) (33 123 42) (37 124 42) (41 125 42) (45 126 42)))
(group (index 250) (item (3 108 0) (4 106 0) (5 106 73) (6 107 0) (7 107 73)
					(10 102 0) (11 100 0) (12 100 69) (13 101 0) (14 101 69)
					(17 114 0) (19 112 0) (20 112 77) (21 113 0) (22 113 77)
					(23 256 0) (24 257 0) (25 258 0) (26 259 0) (27 260 0)
					(28 251 0) (29 252 0) (30 253 0) (31 254 0) (32 255 0)
					(33 261 0) (34 262 0) (35 263 0) (36 264 0) (37 265 0) (40 220 0)
					(41 117 2) (42 118 2) (43 119 2) (44 120 2) (45 121 2)
					(46 122 42) (47 123 42) (48 124 42) (49 125 42) (50 126 42)
					(51 127 22) (52 128 22) (53 129 22) (54 130 22) (55 131 22)))
(group (index 251) (item (1 256 0) (2 257 0) (3 258 0) (4 259 0) (5 260 0)
					(9 108 0) (10 106 0) (11 107 0) (13 220 0)
					(14 106 74) (15 106 75) (16 107 74) (17 107 75)
					(22 122 43) (27 123 42) (32 124 42) (37 125 42) (42 126 42)))
(group (index 252) (item (1 251 0) (2 252 0) (3 253 0) (4 254 0) (5 255 0)
					(9 102 0) (10 100 0) (11 101 0) (13 220 0)
					(14 100 70) (15 100 71) (16 101 70) (17 101 71)
					(22 117 3) (27 118 2) (32 119 2) (37 120 2) (42 121 2) (44 430 0)))
(group (index 253) (item (1 261 0) (2 262 0) (3 263 0) (4 264 0) (5 265 0)
					(9 114 0) (10 112 0) (11 113 0) (13 220 0)
					(14 112 78) (15 112 79) (16 113 78) (17 113 79)
					(22 127 23) (27 128 22) (32 129 22) (37 130 22) (42 131 22)))
(group (index 254) (item (1 256 0) (2 257 0) (3 258 0) (4 259 0) (5 260 0)
					(11 109 0) (19 110 0)))
(group (index 255) (item (1 251 0) (2 252 0) (3 253 0) (4 254 0) (5 255 0)
					(11 103 0) (19 104 0) (21 430 0)))
(group (index 256) (item (1 261 0) (2 262 0) (3 263 0) (4 264 0) (5 265 0)
					(11 115 0) (19 116 0)))
(group (index 257) (item (1 256 0) (2 257 0) (3 258 0) (4 259 0) (5 260 0)
					(6 251 0) (7 252 0) (8 253 0) (9 254 0) (10 255 0)
					(11 261 0) (12 262 0) (13 263 0) (14 264 0) (15 265 0)
					(19 109 0) (26 110 0) (30 103 0) (37 104 0) (41 115 0)
					(48 116 0)))
(group (index 258) (item (1 256 0) (2 257 0) (3 258 0) (4 259 0) (5 260 0)
					(6 251 0) (7 252 0) (8 253 0) (9 254 0) (10 255 0)
					(11 261 0) (12 262 0) (13 263 0) (14 264 0) (15 265 0)
					(17 109 0) (22 110 0) (23 109 73) (25 110 73)
					(27 103 0) (32 104 0) (33 103 69) (35 104 69)
					(37 115 0) (42 116 0) (43 115 77) (45 116 77)))
(group (index 259) (item (1 251 0) (2 252 0) (3 253 0) (4 254 0) (5 255 0)
					(6 103 69) (8 104 69) (13 103 0) (21 104 0) (22 242 0) (23 440 0) (25 430 0)))
(group (index 260) (item (1 251 0) (2 252 0) (3 253 0) (4 254 0) (5 255 0)
					(6 103 70) (8 104 70) (13 103 0) (21 104 0) (22 242 0) (23 440 0) (25 430 0)))
(group (index 261) (item (1 251 0) (2 252 0) (3 253 0) (4 254 0) (5 255 0)
					(6 103 70) (8 104 70) (9 103 71) (11 104 71)
					(14 103 0) (21 104 0) (22 242 0) (23 440 0) (25 430 0)))
(group (index 262) (item (1 251 0) (2 252 0) (3 253 0) (4 254 0) (5 255 0)
					(6 103 71) (8 104 71) (13 103 0) (21 104 0) (22 242 0) (23 440 0) (25 430 0)))
(group (index 263) (item (1 256 0) (2 257 0) (3 258 0) (4 259 0) (5 260 0)
					(6 109 73) (8 110 73) (13 109 0) (21 110 0) (22 245 0)))
(group (index 264) (item (1 256 0) (2 257 0) (3 258 0) (4 259 0) (5 260 0)
					(6 109 74) (8 110 74) (13 109 0) (21 110 0) (22 245 0)))
(group (index 265) (item (1 256 0) (2 257 0) (3 258 0) (4 259 0) (5 260 0)
					(6 109 74) (8 110 74) (9 109 75) (11 110 75)
					(14 109 0) (21 110 0) (22 245 0)))
(group (index 266) (item (1 256 0) (2 257 0) (3 258 0) (4 259 0) (5 260 0)
					(6 109 75) (8 110 75) (13 109 0) (21 110 0) (22 245 0)))
(group (index 267) (item (1 261 0) (2 262 0) (3 263 0) (4 264 0) (5 265 0)
					(6 115 77) (8 116 77) (13 115 0) (21 116 0) (22 248 0)))
(group (index 268) (item (1 261 0) (2 262 0) (3 263 0) (4 264 0) (5 265 0)
					(6 115 78) (8 116 78) (13 115 0) (21 116 0) (22 248 0)))
(group (index 269) (item (1 261 0) (2 262 0) (3 263 0) (4 264 0) (5 265 0)
					(6 115 78) (8 116 78) (9 115 79) (11 116 79)
					(14 115 0) (21 116 0) (22 248 0)))
(group (index 270) (item (1 261 0) (2 262 0) (3 263 0) (4 264 0) (5 265 0)
					(6 115 79) (8 116 79) (13 115 0) (21 116 0) (22 248 0)))
(group (index 271) (item (1 251 0) (2 252 0) (3 253 0) (4 254 0) (5 255 0)
					(6 256 0) (7 257 0) (8 258 0) (9 259 0) (10 260 0)
					(11 261 0) (12 262 0) (13 263 0) (14 264 0) (15 265 0)
					(16 103 69) (18 104 69) (19 109 73) (21 110 73) (22 115 77) (24 116 77)
					(28 103 0) (34 104 0) (38 109 0) (44 110 0) (48 115 0) (54 116 0)
					(55 242 0) (56 440 0) (57 245 0) (58 248 0)))
(group (index 272) (item (1 251 0) (2 252 0) (3 253 0) (4 254 0) (5 255 0)
					(6 256 0) (7 257 0) (8 258 0) (9 259 0) (10 260 0)
					(11 261 0) (12 262 0) (13 263 0) (14 264 0) (15 265 0)
					(16 103 70) (18 104 70) (19 109 74) (21 110 74) (22 115 78) (24 116 78)
					(28 103 0) (34 104 0) (38 109 0) (44 110 0) (48 115 0) (54 116 0)
					(55 242 0) (56 440 0) (57 245 0) (58 248 0)))
(group (index 273) (item (1 251 0) (2 252 0) (3 253 0) (4 254 0) (5 255 0)
					(6 256 0) (7 257 0) (8 258 0) (9 259 0) (10 260 0)
					(11 261 0) (12 262 0) (13 263 0) (14 264 0) (15 265 0)
					(16 103 70) (18 104 70) (19 103 71) (21 104 71)
					(22 109 74) (24 110 74) (25 109 75) (27 110 75)
					(28 115 78) (30 116 78) (31 115 79) (33 116 79)
					(36 103 0) (41 104 0) (44 109 0) (49 110 0) (52 115 0) (57 116 0)
					(58 242 0) (59 440 0) (60 245 0) (61 248 0)))
(group (index 274) (item (1 251 0) (2 252 0) (3 253 0) (4 254 0) (5 255 0)
					(6 256 0) (7 257 0) (8 258 0) (9 259 0) (10 260 0)
					(11 261 0) (12 262 0) (13 263 0) (14 264 0) (15 265 0)
					(16 103 71) (18 104 71) (19 109 75) (21 110 75) (22 115 79) (24 116 79)
					(27 103 0) (33 104 0) (36 109 0) (42 110 0) (45 115 0) (51 116 0)
					(52 242 0) (53 440 0) (54 245 0) (55 248 0)))
(group (index 275) (item (8 256 0) (16 257 0) (24 258 0) (32 259 0)
					(40 260 0) (41 377 0) (42 378 0) (43 379 0)
					(44 380 0) (45 381 0) (115 109 0) (245 110 0)
					(265 109 75) (295 110 75) (298 245 0) (301 246 0) (304 247 0)))
(group (index 276) (item (8 251) (16 252 0) (24 253 0) (32 254 0)
					(40 255 0) (41 372 0) (42 373 0) (43 374 0)
					(44 375 0) (45 376 0) (115 103 0) (245 104 0)
					(265 103 71) (295 104 71) (298 242 0) (301 243 0) (304 244 0)))
(group (index 277) (item (8 261 0) (16 262 0) (24 263 0) (32 264 0)
					(40 265 0) (41 382 0) (42 383 0) (43 384 0)
					(44 385 0) (45 386 0) (115 115 0) (245 116 0)
					(265 115 79) (295 116 79) (298 248 0) (301 249 0) (304 250 0)))
(group (index 278) (item (8 251 0) (16 252 0) (24 253 0) (32 254 0)
					(40 255 0) (41 372 0) (42 373 0) (43 374 0)
					(44 375 0) (45 376 0) (115 103 0) (245 104 0)
					(265 103 71) (295 104 71) (298 440 0) (301 441 0) (304 442 0)))
(group (index 279) (item (12 251 0) (24 252 0) (36 253 0) (48 254 0)
					(60 255 0) (64 372 0) (68 373 0) (72 374 0)
					(76 375 0) (80 376 0) (150 103 0) (285 104 0)
					(305 103 71) (340 104 71) (344 242 0) (347 243 0) (350 244 0)))
(group (index 280) (item (12 251 0) (24 252 0) (36 253 0) (48 254 0)
					(60 255 0) (64 372 0) (68 373 0) (72 374 0)
					(76 375 0) (80 376 0) (150 103 0) (285 104 0)
					(305 103 71) (340 104 71) (344 440 0) (347 441 0) (350 442 0)))
(group (index 281) (item (12 256 0) (24 257 0) (36 258 0) (48 259 0)
					(60 260 0) (63 377 0) (66 378 0) (69 379 0)
					(72 380 0) (75 381 0) (145 109 0) (280 110 0)
					(300 109 75) (335 110 75) (339 245 0) (342 246 0) (345 247 0)))
(group (index 282) (item (12 261 0) (24 262 0) (36 263 0) (48 264 0)
					(60 265 0) (63 382 0) (66 383 0) (69 384 0)
					(72 385 0) (75 386 0) (145 115 0) (280 116 0)
					(300 115 79) (335 116 79) (339 248 0) (342 249 0) (345 250 0)))
(group (index 283) (item (14 251 0) (28 252 0) (42 253 0) (56 254 0)
					(70 255 0) (74 372 0) (78 373 0) (82 374 0)
					(86 375 0) (90 376 0) (160 103 0) (270 104 0)
					(300 103 71) (360 104 71) (364 242 0) (368 243 0) (372 244 0)))
(group (index 284) (item (14 251 0) (28 252 0) (42 253 0) (56 254 0)
					(70 255 0) (74 372 0) (78 373 0) (82 374 0)
					(86 375 0) (90 376 0) (160 103 0) (270 104 0)
					(300 103 71) (360 104 71) (364 440 0) (368 441 0) (372 442 0)))
(group (index 285) (item (14 256 0) (28 257 0) (42 258 0) (56 259 0)
					(70 260 0) (73 377 0) (76 378 0) (79 379 0)
					(82 380 0) (85 381 0) (155 109 0) (265 110 0)
					(295 109 75) (355 110 75) (359 245 0) (363 246 0) (367 247 0)))
(group (index 286) (item (14 261 0) (28 262 0) (42 263 0) (56 264 0)
					(70 265 0) (73 382 0) (76 383 0) (79 384 0)
					(82 385 0) (85 386 0) (155 115 0) (265 116 0)
					(295 115 79) (355 116 79) (359 248 0) (363 249 0) (367 250 0)))
(group (index 287) (item (16 251 0) (32 252 0) (48 253 0) (64 254 0)
					(80 255 0) (86 372 0) (92 373 0) (98 374 0)
					(104 375 0) (110 376 0) (180 103 0) (310 104 0)
					(330 103 71) (390 104 71) (392 440 0) (394 441 0)
					(396 442 0) (398 242 0) (400 243 0) (402 244 0)))
(group (index 288) (item (16 256 0) (32 257 0) (48 258 0) (64 259 0)
					(80 260 0) (84 377 0) (88 378 0) (92 379 0)
					(96 380 0) (100 381 0) (170 109 0) (300 110 0)
					(320 109 75) (380 110 75) (384 245 0) (388 246 0) (392 247 0)))
(group (index 289) (item (16 261 0) (32 262 0) (48 263 0) (64 264 0)
					(80 265 0) (84 382 0) (88 383 0) (92 384 0)
					(96 385 0) (100 386 0) (170 115 0) (300 116 0)
					(320 115 79) (380 116 79) (384 248 0) (388 249 0) (392 250 0)))
(group (index 290) (item (4 372 0) (8 373 0) (12 374 0) (16 375 0) (20 376 0)
					(23 377 0) (26 378 0) (29 379 0) (32 380 0) (35 381 0)
					(37 382 0) (39 383 0) (41 384 0) (43 385 0) (45 386 0)
					(47 440 0) (49 441 0) (51 442 0) (53 242 0) (55 243 0)
					(57 244 0) (61 245 0) (65 246 0) (69 247 0) (73 248 0)
					(77 249 0) (81 250 0) (83 457 0) (85 460 0) (87 463 0) (89 466 0)))
(group (index 291) (item (7 372 0) (14 373 0) (21 374 0) (28 375 0) (35 376 0)
					(41 377 0) (47 378 0) (53 379 0) (59 380 0) (65 381 0)
					(70 382 0) (75 383 0) (80 384 0) (85 385 0) (90 386 0)
					(92 440 0) (94 441 0) (96 442 0) (98 242 0) (100 243 0)
					(102 244 0) (106 245 0) (110 246 0) (114 247 0) (118 248 0)
					(122 249 0) (126 250 0) (128 457 0) (130 460 0) (132 463 0) (134 466 0)))
(group (index 292) (item (2 251 0) (4 252 0) (6 253 0) (8 254 0) (10 255 0)
					(11 261 0) (12 262 0) (13 263 0) (14 264 0) (15 265 0)
					(19 103 0) (29 104 0) (31 103 69) (35 104 69)
					(37 115 0) (42 116 0) (43 115 77) (45 116 77)))
(group (index 293) (item (2 256 0) (4 257 0) (6 258 0) (8 259 0) (10 260 0)
					(11 261 0) (12 262 0) (13 263 0) (14 264 0) (15 265 0)
					(19 109 0) (29 110 0) (31 109 73) (35 110 73)
					(37 115 0) (42 116 0) (43 115 77) (45 116 77)))
(group (index 294) (item (1 256 0) (2 257 0) (3 258 0) (4 259 0) (5 260 0)
					(6 109 73) (8 110 73) (13 109 0) (21 110 0) (22 245 0)))
(group (index 295) (item (1 256 0) (2 257 0) (3 258 0) (4 259 0) (5 260 0)
					(6 109 74) (8 110 74) (9 109 75) (11 110 75)
					(14 109 0) (21 110 0) (22 245 0)))
(group (index 296) (item (8 256 0) (16 257 0) (24 258 0) (32 259 0) (40 260 0)
					(42 377 0) (44 378 0) (46 379 0) (48 380 0) (50 381 0)
					(120 109 0) (250 110 0) (270 109 75) (300 110 75)
					(303 245 0) (306 246 0) (309 247 0)))
(group (index 297) (item (12 256 0) (24 257 0) (36 258 0) (48 259 0) (60 260 0)
					(62 377 0) (64 378 0) (66 379 0) (68 380 0) (70 381 0)
					(140 109 0) (275 110 0) (295 109 75) (330 110 75)
					(334 245 0) (337 246 0) (340 247 0)))
(group (index 298) (item (1 251 0) (2 252 0) (3 253 0) (4 254 0) (5 255 0)
					(6 103 69) (8 104 69) (13 103 0) (21 104 0) (22 242 0)))
(group (index 299) (item (1 251 0) (2 252 0) (3 253 0) (4 254 0) (5 255 0)
					(6 103 70) (8 104 70) (9 103 71) (11 104 71)
					(14 103 0) (21 104 0) (22 242 0)))
(group (index 701) (item (8 251 0) (16 252 0) (24 253 0) (32 254 0) (40 255 0)
					(42 372 0) (44 373 0) (46 374 0) (48 375 0) (50 376 0)
					(120 103 0) (250 104 0) (270 103 71) (300 104 71)
					(303 242 0) (306 243 0) (309 244 0)))
(group (index 702) (item (12 251 0) (24 252 0) (36 253 0) (48 254 0) (60 255 0)
					(63 372 0) (66 373 0) (69 374 0) (72 375 0) (75 376 0)
					(145 103 0) (280 104 0) (300 103 71) (335 104 71)
					(339 242 0) (342 243 0) (345 244 0)))
(group (index 703) (item (1 251 0) (2 252 0) (3 253 0) (4 254 0) (5 255 0)
					(6 103 69) (8 104 69) (13 103 0) (21 104 0) (22 440 0)))
(group (index 704) (item (1 251 0) (2 252 0) (3 253 0) (4 254 0) (5 255 0)
					(6 103 70) (8 104 70) (9 103 71) (11 104 71)
					(14 103 0) (21 104 0) (22 440 0)))
(group (index 705) (item (8 251 0) (16 252 0) (24 253 0) (32 254 0) (40 255 0)
					(43 372 0) (46 373 0) (49 374 0) (52 375 0) (55 376 0)
					(125 103 0) (255 104 0) (275 103 71) (305 104 71)
					(308 440 0) (311 441 0) (314 442 0)))
(group (index 706) (item (12 251 0) (24 252 0) (36 253 0) (48 254 0) (60 255 0)
					(64 372 0) (68 373 0) (72 374 0) (76 375 0) (80 376 0)
					(150 103 0) (285 104 0) (305 103 71) (340 104 71)
					(344 440 0) (347 441 0) (350 442 0)))
(group (index 707) (item (1 261 0) (2 262 0) (3 263 0) (4 264 0) (5 265 0)
					(6 115 77) (8 116 77) (13 115 0) (21 116 0) (22 248 0)))
(group (index 708) (item (1 261 0) (2 262 0) (3 263 0) (4 264 0) (5 265 0)
					(6 115 78) (8 116 78) (9 115 79) (11 116 79)
					(14 115 0) (21 116 0) (22 248 0)))
(group (index 709) (item (8 261 0) (16 262 0) (24 263 0) (32 264 0) (40 265 0)
					(43 382 0) (46 383 0) (49 384 0) (52 385 0) (55 386 0)
					(125 115 0) (255 116 0) (275 115 79) (305 116 79)
					(308 248 0) (311 249 0) (314 250 0)))
(group (index 710) (item (12 261 0) (24 262 0) (36 263 0) (48 264 0) (60 265 0)
					(63 382 0) (66 383 0) (69 384 0) (72 385 0) (75 386 0)
					(145 115 0) (280 116 0) (300 115 79) (335 116 79)
					(339 248 0) (342 249 0) (345 250 0)))
(group (index 711) (item (4 261 0) (8 262 0) (12 263 0) (16 264 0) (20 265 0)
					(28 256 0) (36 257 0) (44 258 0) (52 259 0) (60 260 0)
					(63 382 0) (66 383 0) (69 384 0) (72 385 0) (75 386 0)
					(78 377 0) (81 378 0) (84 379 0) (87 380 0) (90 381 0)
					(114 115 0) (159 116 0) (205 109 0) (295 110 0)
					(302 115 79) (314 116 79) (327 109 75) (350 110 75)
					(351 248 0) (352 249 0) (353 250 0) (356 245 0) (358 246 0) (360 247 0)))
(group (index 712) (item (4 261 0) (8 262 0) (12 263 0) (16 264 0) (20 265 0)
					(28 251 0) (36 252 0) (44 253 0) (52 254 0) (60 255 0)
					(62 382 0) (64 383 0) (66 384 0) (68 385 0) (70 386 0)
					(72 372 0) (74 373 0) (76 374 0) (78 375 0) (80 376 0)
					(104 115 0) (149 116 0) (195 103 0) (285 104 0)
					(292 115 79) (304 116 79) (317 103 71) (340 104 71)
					(341 248 0) (342 249 0) (343 250 0) (345 242 0) (346 243 0) (347 244 0)
					(348 440 0) (349 441 0) (350 442 0)))
(group (index 713) (item (5 256 0) (10 257 0) (15 258 0) (20 259 0) (25 260 0)
					(34 251 0) (43 252 0) (52 253 0) (61 254 0) (70 255 0)
					(72 377 0) (74 378 0) (76 379 0) (78 380 0) (80 381 0)
					(82 372 0) (84 373 0) (86 374 0) (88 375 0) (90 376 0)
					(113 109 0) (150 110 0) (197 103 0) (270 104 0)
					(280 109 75) (300 110 75) (320 103 71) (360 104 71)
					(362 245 0) (364 246 0) (366 247 0)
					(367 242 0) (368 243 0) (369 244 0) (370 440 0) (371 441 0) (372 442 0)))
(group (index 714) (item (5 256 0) (10 257 0) (15 258 0) (20 259 0) (25 260 0)
					(34 261 0) (43 262 0) (52 263 0) (61 264 0) (70 265 0)
					(72 377 0) (74 378 0) (76 379 0) (78 380 0) (80 381 0)
					(82 382 0) (84 383 0) (86 384 0) (88 385 0) (90 386 0)
					(113 109 0) (150 110 0) (197 115 0) (270 116 0)
					(280 109 75) (300 110 75) (320 115 79) (360 116 79)
					(362 245 0) (364 246 0) (366 247 0)
					(368 248 0) (370 249 0) (372 250 0)))
(group (index 715) (item (6 251 0) (12 252 0) (18 253 0) (24 254 0) (30 255 0)
					(40 261 0) (50 262 0) (60 263 0) (70 264 0) (80 265 0)
					(82 372 0) (84 373 0) (86 374 0) (88 375 0) (90 376 0)
					(92 382 0) (94 383 0) (96 384 0) (98 385 0) (100 386 0)
					(124 103 0) (168 104 0) (214 115 0) (300 116 0)
					(307 103 71) (327 104 71) (340 115 79) (380 116 79)
					(381 440 0) (382 441 0) (383 442 0) (384 242 0) (385 243 0) (386 244 0)
					(388 248 0) (390 249 0) (392 250 0)))
(group (index 716) (item (6 251 0) (12 252 0) (18 253 0) (24 254 0) (30 255 0)
					(40 256 0) (50 257 0) (60 258 0) (70 259 0) (80 260 0)
					(82 372 0) (84 373 0) (86 374 0) (88 375 0) (90 376 0)
					(92 377 0) (94 378 0) (96 379 0) (98 380 0) (100 381 0)
					(124 103 0) (168 104 0) (214 109 0) (300 110 0)
					(307 103 71) (327 104 71) (340 109 75) (380 110 75)
					(381 440 0) (382 441 0) (383 442 0) (384 242 0) (385 243 0) (386 244 0)
					(388 245 0) (390 246 0) (392 247 0)))
(group (index 717) (item (6 256 0) (12 257 0) (18 258 0) (24 259 0) (30 260 0)
					(40 261 0) (50 262 0) (60 263 0) (70 264 0) (80 265 0)
					(82 377 0) (84 378 0) (86 379 0) (88 380 0) (90 381 0)
					(92 382 0) (94 383 0) (96 384 0) (98 385 0) (100 386 0)
					(124 109 0) (168 110 0) (214 115 0) (300 116 0)
					(307 109 75) (327 110 75) (340 115 79) (380 116 79)
					(382 245 0) (384 246 0) (386 247 0)
					(388 248 0) (390 249 0) (392 250 0)))
(group (index 718) (item (6 256 0) (12 257 0) (18 258 0) (24 259 0) (30 260 0)
					(40 251 0) (50 252 0) (60 253 0) (70 254 0) (80 255 0)
					(83 377 0) (86 378 0) (89 379 0) (92 380 0) (95 381 0)
					(101 372 0) (107 373 0) (113 374 0) (119 375 0) (125 376 0)
					(149 109 0) (193 110 0) (239 103 0) (325 104 0)
					(332 109 75) (352 110 75) (365 103 71) (405 104 71)
					(407 245 0) (409 246 0) (411 247 0)
					(412 242 0) (413 243 0) (414 244 0) (415 440 0) (416 441 0) (417 442 0)))
(group (index 719) (item (160 382 0) (320 383 0) (480 384 0) (640 385 0) (800 386 0)))
(group (index 720) (item (160 372 0) (320 373 0) (480 374 0) (640 375 0) (800 376 0)))
(group (index 721) (item (160 377 0) (320 378 0) (480 379 0) (640 380 0) (800 381 0)))
(group (index 722) (item (20 242 0) (40 243 0) (60 244 0) (80 245 0) (100 246 0) (120 247 0)
					(140 248 0) (160 249 0) (180 250 0) (200 440 0) (220 441 0) (240 442 0)
					(260 457 0) (280 458 0) (300 459 0) (320 460 0) (340 461 0) (360 462 0)
					(380 463 0) (400 464 0) (420 465 0) (440 466 0) (460 467 0) (480 468 0)))
(group (index 723) (item (25 242 0) (50 243 0) (75 244 0) (100 245 0) (125 246 0) (150 247 0)
					(175 248 0) (200 249 0) (225 250 0) (250 440 0) (275 441 0) (300 442 0)
					(325 457 0) (350 458 0) (375 459 0) (400 460 0) (425 461 0) (450 462 0)
					(475 463 0) (500 464 0) (525 465 0) (550 466 0) (575 467 0) (600 468 0)))
(group (index 724) (item (3 581 0) (4 582 0) (5 583 0) (13 114 0) (16 115 0) (19 116 0)
					(21 220 0) (22 115 77) (23 116 77) (24 115 78) (25 116 78)
					(29 261) (33 262) (37 263) (41 264) (45 265)))
(group (index 725) (item (3 572 0) (4 573 0) (5 574 0) (13 102 0) (16 103 0) (19 104 0)
					(21 220 0) (22 103 69) (23 104 69) (24 103 70) (25 104 70)
					(29 251 0) (33 252 0) (37 253 0) (41 254 0) (45 255 0) (49 429 0)))
(group (index 726) (item (3 578 0) (4 579 0) (5 580 0) (13 108 0) (16 109 0) (19 110 0)
					(21 220 0) (22 109 73) (23 110 73) (24 109 74) (25 110 74)
					(29 256 0) (33 257 0) (37 258 0) (41 259 0) (45 260 0)))
(group (index 727) (item (3 108 0) (4 109 73) (5 110 73) (6 109 74) (7 110 74)
					(10 102 0) (11 103 69) (12 104 69) (13 103 70) (14 104 70)
					(17 114 0) (19 115 77) (20 116 77) (21 115 78) (22 116 78)
					(25 578 0) (26 579 0) (27 580 0) (30 572 0) (31 573 0)
					(32 574 0) (35 581 0) (36 582 0) (37 583 0) (40 220 0)
					(41 256 0) (42 257 0) (43 258 0) (44 259 0) (45 260 0)
					(46 251 0) (47 252 0) (48 253 0) (49 254 0) (50 255 0)
					(51 261 0) (52 262 0) (53 263 0) (54 264 0) (55 265 0)))
(group (index 728) (item (3 578 0) (4 579 0) (5 580 0) (13 108 0) (16 109 0) (19 110 0)
					(21 220 0) (23 109 74) (25 110 74) (27 109 75) (29 110 75)
					(34 256 0) (39 257 0) (44 258 0) (49 259 0) (54 260 0)))
(group (index 729) (item (3 572 0) (4 573 0) (5 574 0) (13 102 0) (16 103 0) (19 104 0)
					(21 220 0) (23 103 70) (25 104 70) (27 103 71) (29 104 71)
					(34 251 0) (39 252 0) (44 253 0) (49 254 0) (54 255 0) (58 430 0)))
(group (index 730) (item (3 581 0) (4 582 0) (5 583 0) (13 114 0) (16 115 0) (19 116 0)
					(21 220 0) (23 115 78) (25 116 78) (27 115 79) (29 116 79)
					(34 261 0) (39 262 0) (44 263 0) (49 264 0) (54 265 0)))
(group (index 731) (item (3 242 0) (6 243 0) (9 244 0) (12 440 0) (15 441 0) (18 442 0)))
(group (index 732) (item (3 245 0) (6 246 0) (9 247 0)))
(group (index 733) (item (3 248 0) (6 249 0) (9 250 0)))
(group (index 734) (item (4 372 0) (8 373 0) (12 374 0) (16 375 0) (20 376 0) (24 431 0)))
(group (index 735) (item (4 377 0) (8 378 0) (12 379 0) (16 380 0) (20 381 0) (24 431 0)))
(group (index 736) (item (4 382 0) (8 383 0) (12 384 0) (16 385 0) (20 386 0) (24 431 0)))
(group (index 737) (item (4 466 0) (5 467 0) (6 468 0) (10 382 0) (14 383 0) (18 384 0) (22 385 0) (26 386 0) (36 431 0)))
(group (index 738) (item (4 463 0) (5 464 0) (6 465 0) (10 377 0) (14 378 0) (18 379 0) (22 380 0) (26 381 0) (36 431 0)))
(group (index 739) (item (4 457 0) (5 458 0) (6 459 0) (10 460 0) (11 461 0) (12 462 0) (16 372 0) (20 373 0) 
					(24 374 0) (28 375 0) (32 376 0) (42 431 0)))


;group C
(group (index 301) (money (840 31)) (item (880 48 0) (1000 48 0)))
(group (index 302) (money (840 34)) (item (880 48 0) (1000 48 0)))
(group (index 303) (money (840 37)) (item (880 48 0) (1000 48 0)))
(group (index 304) (money (840 40)) (item (880 48 0) (1000 48 0)))
(group (index 305) (money (840 43)) (item (880 48 0) (1000 48 0)))
(group (index 306) (money (840 46)) (item (880 48 0) (1000 48 0)))
(group (index 307) (money (840 49)) (item (880 48 0) (1000 48 0)))
(group (index 308) (money (840 47)) (item (880 48 0) (1000 48 0)))
(group (index 309) (money (840 48)) (item (880 48 0) (1000 48 0)))
(group (index 310) (money (840 51)) (item (880 48 0) (1000 48 0)))
(group (index 311) (money (840 54)) (item (880 48 0) (1000 48 0)))
(group (index 312) (money (840 58)) (item (880 48 0) (1000 48 0)))
(group (index 313) (money (840 91)) (item (880 48 0) (1000 48 0)))
(group (index 314) (item (3 276 0) (6 281 0) (9 284 0) (12 289 0) (15 292 0)
				(18 297 0) (21 300 0) (24 305 0) (27 308 0) (30 313 0)
				(33 316 0) (36 318 0) (37 322 0) (38 323 0) (39 324 0)
				(40 325 0) (41 326 0) (91 206 0) (141 207 0) (241 446 0)))
(group (index 315) (item (3 276 0) (6 284 0) (9 292 0) (12 300 0) (15 308 0)
				(18 316 0) (21 318 0) (24 282 0) (27 290 0) (30 298 0)
				(33 306 0) (36 314 0) (37 322 0) (38 323 0) (39 324 0)
				(40 325 0) (41 326 0) (42 327 0) (43 328 0) (44 329 0)
				(45 330 0) (46 331 0) (96 206 0) (146 207 0) (246 446 0)))
(group (index 316) (item (20 315 0) (40 317 0) (60 205 0) (110 446 0)))
(group (index 317) (item (9 302 0) (18 310 0) (27 315 0) (36 317 0)
				(37 319 0) (38 320 0) (39 321 0) (59 205 0) (109 446 0)))
(group (index 318) (item (2 275 0) (4 278 0) (6 279 0) (8 283 0) (10 286 0)
				(12 287 0) (14 291 0) (16 294 0) (18 295 0) (20 299 0)
				(22 302 0) (24 303 0) (26 307 0) (28 310 0) (30 311 0)
				(32 315 0) (34 317 0) (36 319 0) (38 320 0) (40 321 0)
				(60 205 0) (160 446 0)))
(group (index 319) (item (3 276 0) (6 284 0) (9 292 0) (12 300 0) (15 308 0)
				(18 316 0) (21 318 0) (24 282 0) (27 290 0) (30 298 0)
				(33 306 0) (36 314 0) (37 322 0) (38 323 0) (39 324 0)
				(40 325 0) (41 326 0) (42 327 0) (43 328 0) (44 329 0)
				(45 330 0) (46 331 0) (47 332 0) (97 206 0) (147 207 0) (247 446 0)))
(group (index 320) (item (3 276 0) (6 284 0) (9 292 0) (12 300 0) (15 308 0)
				(18 316 0) (21 318 0) (24 282 0) (27 290 0) (30 298 0)
				(33 306 0) (36 314 0) (37 322 0) (38 323 0) (39 324 0)
				(40 325 0) (41 326 0) (42 327 0) (43 328 0) (44 329 0)
				(45 330 0) (46 331 0) (47 332 0) (95 206 0) (143 207 0) (223 446 0)))
(group (index 321) (item (3 276 0) (6 284 0) (9 292 0) (12 300 0) (15 308 0)
				(18 316 0) (21 318 0) (24 282 0) (27 290 0) (30 298 0)
				(33 306 0) (36 314 0) (37 322 0) (38 323 0) (39 324 0)
				(40 325 0) (41 326 0) (42 327 0) (43 328 0) (44 329 0)
				(45 330 0) (46 331 0) (47 332 0) (127 446 0)))
(group (index 322) (item (2 276 0) (3 277 0) (5 284 0) (6 285 0) (8 292 0)
				(9 293 0) (11 300 0) (12 301 0) (14 308 0) (15 309 0)
				(18 316 0) (21 318 0) (24 282 0) (27 290 0) (30 298 0)
				(33 306 0) (36 314 0) (37 322 0) (38 323 0) (39 324 0)
				(40 325 0) (41 326 0) (42 327 0) (43 328 0) (44 329 0)
				(45 330 0) (46 331 0) (47 523 0) (127 446 0)))

;group D
(group (index 401) (item (1000 333 0)))
(group (index 402) (money (853 16)) (item (993 47 0) (995 93 0) (996 75 0) (997 76 0) (998 77 0) (999 78 0) (1000 79 0)))
(group (index 403) (money (853 17)) (item (855 25 0) (856 37 0) (857 38 0) (858 39 0) (859 40 0) (860 41 0) (1000 47 0)))
(group (index 404) (money (853 18)) (item (855 4 0) (856 11 0) (857 12 0) (858 13 0) (859 14 0) (860 15 0) (1000 47 0)))
(group (index 405) (money (849 21)) (item (850 5 0) (990 47 0) (992 11 0) (994 12 0) (996 13 0) (998 14 0) (1000 15 0)))
(group (index 406) (money (849 21)) (item (850 26 0) (990 47 0) (992 37 0) (994 38 0) (996 39 0) (998 40 0) (1000 41 0)))
(group (index 407) (money (849 23)) (item (850 94 0) (950 47 0) (990 48 0) (992 75 0) (994 76 0) 
					(996 77 0) (998 78 0) (1000 79 0)))
(group (index 408) (money (844 25)) (item (974 47 0) (994 48 0) (996 5 0) (998 26 0) (1000 94 0)))
(group (index 409) (money (821 25)) (item (961 47 0) (991 48 0) (992 59 0) (993 62 0) (994 95 0)
					(995 16 0) (996 17 0) (997 42 0) (998 43 0) (999 80 0) (1000 81 0)))
(group (index 410) (money (864 26)) (item (974 47 0) (994 48 0) (996 59 0) (998 62 0) (1000 95 0)))
(group (index 411) (money (843 27)) (item (845 96 0) (846 80 0) (847 81 0) (848 82 0)
					(849 83 0) (850 84 0) (980 47 0) (1000 48 0)))
(group (index 412) (money (843 28)) (item (845 27 0) (846 42 0) (847 43 0) (848 44 0)
					(849 45 0) (850 46 0) (980 47 0) (1000 48 0)))
(group (index 413) (money (843 29)) (item (845 21 0) (846 16 0) (847 17 0) (848 18 0)
					(849 19 0) (850 20 0) (980 47 0) (1000 48 0)))
(group (index 414) (money (874 29)) (item (984 47 0) (994 48 0) (996 21 0) (998 27 0) (1000 96 0)))
(group (index 415) (money (877 31)) (item (987 47 0) (997 48 0)))
(group (index 416) (money (800 33)) (item (850 48 0)))
(group (index 417) (money (800 36)) (item (850 48 0)))
(group (index 418) (money (800 39)) (item (850 48 0)))
(group (index 419) (money (800 42)) (item (850 48 0)))
(group (index 420) (money (800 45)) (item (850 48 0)))
(group (index 421) (money (800 48)) (item (850 48 0)))
(group (index 422) (money (800 54)) (item (850 48 0)))
(group (index 423) (money (800 50)) (item (850 48 0)))
(group (index 424) (money (800 51)) (item (850 48 0)))
(group (index 425) (money (800 54)) (item (850 48 0)))
(group (index 426) (money (800 58)) (item (850 48 0)))
(group (index 427) (money (800 62)) (item (850 48 0)))
(group (index 428) (money (800 91)) (item (850 48 0)))
(group (index 429) (money (800 92)) (item (850 48 0)))

;group E
(group (index 501) (item (1 362 0)))
(group (index 502) (item (500 396 0) (550 399 0) (600 414 0)))
(group (index 503) (item (500 397 0) (550 399 0) (600 414 0)))
(group (index 504) (item (500 398 0) (550 399 0) (600 414 0)))
(group (index 505) (item (10 387 0) (170 400 0) (240 415 0) (270 401 0) (300 416 0)))
(group (index 506) (item (10 388 0) (170 403 0) (240 418 0) (270 404 0) (300 419 0)))
(group (index 507) (item (100 399 0) (200 414 0)))
(group (index 508) (item (50 400 0) (100 415 0) (130 401 0) (160 416 0) (180 402 0) (200 417 0)))
(group (index 509) (item (50 403 0) (100 418 0) (130 404 0) (160 419 0) (180 405 0) (200 420 0)))
(group (index 510) (item (70 403 0) (140 418 0) (170 404 0) (200 419 0)))
(group (index 511) (item (140 405 0) (280 420 0) (340 406 0) (400 421 0)))
(group (index 512) (item (140 406 0) (280 421 0) (340 407 0) (400 422 0)))
(group (index 513) (item (100 407 0) (200 422 0) (270 408 0) (340 423 0) (370 409 0) (400 424 0)))
(group (index 514) (item (1 362 0) (2 243 0) (3 244 0) (4 441 0) (5 442 0)))
(group (index 515) (item (1 362 0) (3 246 0) (5 247 0)))
(group (index 516) (item (1 362 0) (3 249 0) (5 250 0)))
(group (index 517) (item (1 362 0) (2 243 0) (3 441 0) (4 246 0) (5 249 0)))
(group (index 518) (item (1 362 0) (2 244 0) (3 442 0) (4 247 0) (5 250 0)))
(group (index 519) (item (1 362 0) (2 245 0)))
(group (index 520) (item (1 362 0) (2 242 0) (3 440 0)))
(group (index 521) (item (1 362 0) (2 248 0)))
(group (index 522) (item (1 362 0) (2 245 0) (3 242 0) (4 248 0)))
(group (index 523) (item (1 362 0) (2 245 0) (3 440 0) (4 248 0)))
(group (index 524) (item (1 362 0) (2 243 0) (3 244 0) (4 441 0) (5 442 0) (6 460 0)))
(group (index 525) (item (1 362 0) (2 243 0) (3 244 0) (4 441 0) (5 442 0) (6 457 0)))
(group (index 526) (item (1 362 0) (3 246 0) (5 247 0) (6 463 0)))
(group (index 527) (item (1 362 0) (3 249 0) (5 250 0) (6 466 0)))
(group (index 528) (item (1 362 0) (2 115 0) (3 116 0)))
(group (index 529) (item (1 362 0) (2 103 0) (3 104 0)))
(group (index 530) (item (1 362 0) (2 109 0) (3 110 0)))
(group (index 531) (item (1 362 0) (2 463 0)))
(group (index 532) (item (1 362 0) (2 457 0)))
(group (index 533) (item (1 362 0) (2 466 0)))
(group (index 534) (item (1 362 0) (2 460 0)))
(group (index 535) (item (1 362 0) (2 457 0)))
(group (index 536) (item (1 362 0) (2 460 0)))
(group (index 537) (item (1 362 0) (2 463 0)))
(group (index 538) (item (1 362 0) (2 466 0)))
(group (index 539) (item (1 362 0) (2 457 0)))
(group (index 540) (item (1 362 0) (2 460 0)))
(group (index 541) (item (1 362 0) (2 463 0)))
(group (index 542) (item (1 362 0) (2 466 0)))
(group (index 543) (item (1 362 0) (2 457 0) (3 460 0)))
(group (index 544) (item (1 362 0) (3 463 0)))
(group (index 545) (item (1 362 0) (3 466 0)))
(group (index 546) (item (1 362 0)))
(group (index 547) (item (1 362 0) (2 242 0) (3 440 0) (4 248 0)))
(group (index 548) (item (1 362 0) (2 245 0) (3 248 0)))
(group (index 549) (item (1 362 0) (2 246 0) (3 247 0)))
(group (index 550) (item (1 362 0) (4 463 0) (6 566 0)))
(group (index 551) (item (1 362 0) (2 243 0) (3 244 0)))
(group (index 552) (item (1 362 0) (4 457 0) (6 560 0)))
(group (index 553) (item (1 362 0) (2 441 0) (3 442 0)))
(group (index 554) (item (1 362 0) (4 460 0) (6 563 0)))
(group (index 555) (item (1 362 0) (2 249 0) (3 250 0)))
(group (index 556) (item (1 362 0) (4 466 0) (6 569 0)))
(group (index 557) (item (1 362 0) (3 466 0) (6 463 0) (7 567 0) (8 570 0)))
(group (index 558) (item (1 362 0) (3 466 0) (5 457 0) (7 460 0) (8 561 0) (9 564 0)))
(group (index 559) (item (1 362 0) (3 463 0) (5 457 0) (7 460 0) (8 561 0) (9 564 0) (10 567 0)))
(group (index 560) (item (1 362 0) (3 463 0) (5 466 0) (6 567 0) (7 570 0)))
(group (index 561) (item (1 362 0) (3 457 0) (5 460 0) (7 466 0) (8 561 0) (9 564 0) (10 570 0)))
(group (index 562) (item (1 362 0) (3 457 0) (5 460 0) (7 463 0) (8 561 0) (9 564 0) (10 567 0)))
(group (index 563) (item (1 362 0) (3 248 0)))
(group (index 564) (item (1 362 0) (2 242 0) (3 440 0)))
(group (index 565) (item (1 362 0) (3 245 0)))

;group F
(group (index 601) (item (100 408 0) (200 423 0) (270 409 0) (340 424 0) (370 410 0) (400 425 0)))
(group (index 602) (item (140 410 0) (280 425 0) (340 411 0) (400 426 0)))

;group Quest
(group (index 901) (item (1000 140 0)))
(group (index 902) (item (1000 146 0)))
(group (index 903) (item (1000 147 0)))
(group (index 904) (item (1000 148 0)))
(group (index 905) (item (1000 151 0)))
(group (index 906) (item (1000 152 0)))
(group (index 907) (item (1000 149 0)))
(group (index 908) (item (500 153 0) (1000 154 0)))
(group (index 909) (item (1000 150 0)))
(group (index 910) (item (1000 155 0)))
(group (index 911) (item (1000 156 0)))
(group (index 912) (item (1000 157 0)))
(group (index 913) (item (1000 159 0)))
(group (index 914) (item (1000 160 0)))
(group (index 915) (item (1000 158 0)))
(group (index 916) (item (1000 161 0)))
(group (index 917) (item (1000 165 0)))
(group (index 918) (item (1000 167 0)))
(group (index 919) (item (1000 166 0)))
(group (index 920) (item (1000 164 0)))
(group (index 921) (item (1000 141 0)))
(group (index 922) (item (1000 168 0)))
(group (index 923) (item (1000 169 0)))
(group (index 924) (item (1000 170 0)))
(group (index 925) (item (1000 172 0)))
(group (index 926) (item (1000 182 0)))
(group (index 927) (item (1000 183 0)))
(group (index 928) (item (1000 184 0)))
(group (index 929) (item (1000 185 0)))
(group (index 930) (item (1000 186 0)))
(group (index 931) (item (1000 173 0)))
(group (index 932) (item (1000 181 0)))
;전통주 이벤트
;(group (index 933) (item (200 197 0) (400 198 0) (600 199 0) (800 200 0) (1000 201 0)))
(group (index 934) (item (1000 171 0)))
(group (index 935) (item (1000 208 0)))
(group (index 936) (item (1000 209 0)))
(group (index 937) (item (1000 210 0)))
(group (index 938) (item (1000 211 0)))
(group (index 939) (item (1000 212 0)))
(group (index 940) (item (1000 213 0)))
(group (index 941) (item (1000 214 0)))
(group (index 942) (item (1000 215 0)))
(group (index 943) (item (1000 216 0)))
(group (index 944) (item (1000 226 0)))
(group (index 945) (item (1000 227 0)))
(group (index 946) (item (1000 228 0)))
(group (index 947) (item (1000 229 0)))
(group (index 948) (item (1000 230 0)))
(group (index 949) (item (1000 231 0)))
(group (index 950) (item (1000 232 0)))
(group (index 951) (item (1000 233 0)))
(group (index 952) (item (1000 336 0)))
(group (index 953) (item (100 334 0)))
(group (index 954) (item (300 346 0)))
(group (index 955) (item (300 347 0)))
(group (index 956) (item (300 348 0)))
(group (index 957) (item (300 349 0)))
(group (index 958) (item (300 350 0)))
(group (index 959) (item (1000 335 0)))
(group (index 960) (item (1000 341 0)))
(group (index 961) (item (1000 342 0)))
(group (index 962) (item (1000 343 0)))
(group (index 963) (item (1000 344 0)))
(group (index 964) (item (1000 345 0)))
(group (index 965) (item (6 351) (18 352) (30 353) (42 354)))
(group (index 966) (item (8 351) (22 352) (36 353) (50 354)))
(group (index 967) (item (14 351) (34 352) (54 353) (74 354)))
(group (index 968) (item (20 355 0)))
(group (index 969) (item (1000 357 0)))
(group (index 970) (item (1000 358 0)))
(group (index 971) (item (30 359 0)))
(group (index 972) (money (600 1000) (900 3000) (970 5000)) (item (1000 48 0 100)))
(group (index 973) (item (40 366 0)))
(group (index 974) (item (28 366 0) (40 367 0)))
(group (index 975) (item (40 367 0)))
(group (index 976) (item (28 367 0) (40 368 0)))
(group (index 977) (item (40 368 0)))
(group (index 978) (item (40 369 0)))
(group (index 979) (item (25 369 0) (40 370 0)))
(group (index 980) (item (6 389 0) (12 387 0)))
(group (index 981) (item (6 390 0) (12 387 0)))
(group (index 982) (item (6 391 0) (12 387 0)))
(group (index 983) (item (6 392 0) (12 387 0)))
(group (index 984) (item (6 393 0) (12 387 0)))
(group (index 985) (item (6 394 0) (12 387 0)))
(group (index 986) (item (6 395 0) (12 388 0)))
(group (index 987) (item (40 370 0)))
(group (index 988) (item (10 432 0)))
(group (index 989) (item (10 433 0)))
(group (index 990) (item (10 434 0)))
(group (index 991) (item (10 435 0)))
(group (index 992) (item (10 436 0)))
(group (index 993) (item (10 437 0)))
(group (index 994) (item (10 438 0)))
(group (index 995) (item (10 439 0)))
(group (index 996) (item (100 448 0)))
(group (index 997) (item (1000 456 0)))
(group (index 998) (item (20 449 0)))
(group (index 999) (item (20 450 0)))
(group (index 1000) (item (20 451 0)))
(group (index 1001) (item (20 452 0)))
(group (index 1002) (item (20 453 0)))
(group (index 1003) (item (20 454 0)))
(group (index 1004) (item (20 455 0)))
(group (index 1005) (money (500 5000) (900 10000) (990 30000))
			(item (991 327 0) (992 328 0) (993 329 0) (994 330 0) (995 331 0)
			(996 332 0) (997 323 0) (998 324 0) (999 325 0) (1000 326 0)))
(group (index 1006) (item (2 521 0) (102 522 0)))
(group (index 1007) (item (5 521 0) (205 522 0)))
(group (index 1008) (item (7 521 0) (257 522 0)))
(group (index 1009) (item (10 521 0) (310 522 0)))
(group (index 1010) (money (1000 5000)))
(group (index 1011) (money (600 100) (900 200) (1000 300)))
(group (index 1012) (item (51 21 0) (101 27 0) (151 96 0) (184 60 0) (217 63 0) (250 97 0) 
		    (300 16 0) (350 17 0) (400 18 0) (450 19 0) (500 20 0) (550 42 0) 
		    (600 43 0) (650 44 0) (700 45 0) (750 46 0) (800 80 0) (850 81 0) 
		    (900 82 0) (950 83 0) (1000 84 0)))
(group (index 1013) (money (250 300)) 
		    (item (300 275 0) (350 283 0) (400 291 0) (450 299 0) (500 307 0)
		    (550 278 0) (600 279 0) (650 286 0) (700 287 0) (750 294 0) (800 295 0) 
		    (850 302 0) (900 303 0) (950 310 0) (1000 311 0)))
(group (index 1014) (money (600 500) (900 800) (1000 1000)))
(group (index 1015) (item (51 61 0) (101 64 0) (151 98 0) (184 99 0) (217 105 0) (250 111 0)
	            (300 49 0) (350 50 0) (400 51 0) (450 52 0) (500 53 0) (550 54 0)
		    (600 55 0) (650 56 0) (700 57 0) (750 58 0) (800 85 0) (850 86 0)
		    (900 87 0) (950 88 0) (1000 89 0)))
(group (index 1016) (money (235 3000)) 
		    (item (280 276 0) (325 284 0) (370 292 0) (415 300 0) (460 308 0) (505 279 0)
		    (550 280 0) (595 287 0) (640 288 0) (685 295 0) (730 296 0) (775 303 0)
		    (820 304 0) (865 311 0) (910 312 0) (955 315 0) (1000 317 0)))
(group (index 1017) (money (600 1500) (900 2000) (1000 2500)))
(group (index 1018) (item (44 1000 0) (64 101 0) (84 102 0) (127 106 0) (147 107 0) (167 107 0)
		    (210 112 0) (230 113 0) (250 114 0) (300 49 0) (350 50 0) (400 51 0) (450 52 0)
		    (500 53 0) (550 54 0) (600 55 0) (650 56 0) (700 57 0) (750 58 0) (800 85 0)
		    (850 86 0) (900 87 0) (950 88 0) (1000 89 0)))
(group (index 1019) (money (600 3000) (900 4000) (1000 5000)))
(group (index 1020) (item (10 103 0) (20 104 0) (30 109 0) (40 110 0) (50 115 0) (60 116 0) (126 117 0)
		    (188 118 0) (250 119 0) (312 120 0) (374 121 0) (439 122 0) (501 123 0) (563 124 0)
		    (625 125 0) (687 126 0) (752 127 0) (814 128 0) (876 129 0) (938 130 0) (1000 131 0)))
(group (index 1021) (money (600 7000) (900 8000) (1000 10000)))
(group (index 1022) (money (235 20000)) 
		    (item (280 277 0) (325 285 0) (370 293 0) (415 301 0) (460 309 0)
		    (505 280 0) (550 281 0) (595 288 0) (640 289 0) (685 296 0) (730 297 0) (775 304 0)
		    (820 305 0) (865 312 0) (910 313 0) (955 316 0) (1000 318 0)))
(group (index 1023) (money (600 20000) (900 25000) (1000 30000)))
(group (index 1024) (money (400 25000) (520 30000)) 
		    (item (540 572 0) (560 573 0) (580 574 0) (600 578 0) (620 579 0) (640 580 0)
		    (660 581 0) (680 582 0) (700 583 0) (720 251 0) (740 252 0) (760 253 0) (780 254 0)
		    (800 255 0) (820 256 0) (840 257 0) (860 258 0) (880 259 0) (900 260 0) (920 261 0)
		    (940 262 0) (960 263 0) (980 264 0) (1000 265 0)))
(group (index 1025) (money (600 40000) (900 45000) (1000 50000)))
(group (index 1026) (money (400 45000) (520 50000)) 
		    (item (530 242 0) (540 243 0) (550 244 0) (560 440 0) (570 441 0) (580 442 0)
		    (600 245 0) (620 246 0) (640 247 0) (660 248 0) (680 249 0) (700 250 0) (720 251 0)
		    (740 252 0) (760 253 0) (780 254 0) (800 255 0) (820 256 0) (840 257 0) (860 258 0) 
		    (880 259 0) (900 260 0) (920 261 0) (940 262 0) (960 263 0) (980 264 0) (1000 265 0)))
(group (index 1027) (money (450 70000)) 
		    (item (500 327 0) (550 328 0) (600 329 0) (650 330 0) (700 331 0) (750 332 0)
		    (800 277 0) (850 285 0) (900 293 0) (950 301 0) (1000 309 0)))
(group (index 1028) (money (600 70000) (900 80000) (1000 100000)))
;나무상자 드롭
(group (index 1030) (money (250 100)) 
		    (item (830 47 0) (900 366 0) (930 638 0) (1000 366 0)))
(group (index 1031) (money (250 300)) 
		    (item (830 47 0) (900 366 0) (930 638 0) (1000 366 0)))
(group (index 1032) (money (250 600)) 
		    (item (830 48 0) (900 367 0) (930 638 0) (1000 367 0)))
(group (index 1033) (money (250 1000)) 
		    (item (600 48 0) (670 367 0) (700 638 0) (850 367 0) (1000 367 0)))
(group (index 1034) (money (250 1500)) 
		    (item (600 48 0) (670 368 0) (700 638 0) (850 368 0) (1000 368 0)))
(group (index 1035) (money (250 2000)) 
		    (item (600 48 0) (670 369 0) (700 638 0) (850 369 0) (1000 369 0)))
(group (index 1036) (money (250 3000)) 
		    (item (600 48 0) (670 370 0) (700 638 0) (850 370 0) (1000 370 0)))
(group (index 1037) (item (800 396 0)))
(group (index 1038) (item (800 397 0)))
(group (index 1039) (item (800 398 0)))
;(group (index 1040) (item (1000 653 0)))
;설날이벤트 아이템 추가 드롭
;(group (index 1041) (item (20 868 0) (22 869 0) (24 870 0) (26 871 0) (28 872 0) 
;                          (30 873 0) (33 874 0) (34 875 0) (35 876 0) (36 877 0) (37 878 0)))




;(group (index 1011) (money (확률 돈량)) (item (확률 아이템인덱스 접두사인덱스)))
;(group (index ) (money () 	) (item () 	))



;아이템그룹
(itemgroup (index 1) (group (600 101) (700 201) (710 316) (910 502)))
(itemgroup (index 2) (group (600 102) (700 201) (710 316) (910 503)))
(itemgroup (index 3) (group (600 103) (700 202) (710 316) (910 504)))
(itemgroup (index 4) (group (600 104) (710 202) (720 316) (820 507)))
(itemgroup (index 5) (group (600 105) (700 203) (710 316) (810 507)))
(itemgroup (index 6) (group (600 106) (610 204) (620 316) (720 507)))
(itemgroup (index 7) (group (600 107) (610 205) (620 316) (720 507)))
(itemgroup (index 8) (group (800 108) (1000 206)))
(itemgroup (index 9) (group (600 109) (700 207) (710 316) (810 507)))
(itemgroup (index 10) (group (600 110) (610 208) (710 508)))
(itemgroup (index 11) (group (600 111) (610 209) (620 317) (720 505)))
(itemgroup (index 12) (group (600 112) (610 210) (620 317) (720 505)))
(itemgroup (index 13) (group (310 113) (610 402) (615 211) (620 318) (720 508)))
(itemgroup (index 14) (group (310 114) (610 403) (615 212) (620 317) (720 505)))
(itemgroup (index 15) (group (310 115) (610 404) (615 223) (620 317) (720 505)))
(itemgroup (index 16) (group (310 116) (610 405) (615 213) (620 318) (720 508)))
(itemgroup (index 17) (group (310 117) (610 406) (615 224) (620 318) (720 508)))
(itemgroup (index 18) (group (310 118) (610 407) (615 214) (620 318) (720 508)))
(itemgroup (index 19) (group (310 119) (610 408) (615 215) (620 318) (720 509)))
(itemgroup (index 20) (group (310 120) (610 409) (615 216) (620 318) (720 509)))
(itemgroup (index 21) (group (310 121) (610 410) (615 217) (620 318) (720 506)))
(itemgroup (index 22) (group (310 122) (610 411) (615 218) (620 318) (720 509)))
(itemgroup (index 23) (group (310 123) (610 412) (615 219) (620 318) (720 510)))
(itemgroup (index 24) (group (310 124) (610 413) (615 225) (620 318) (720 509)))
(itemgroup (index 25) (group (310 125) (610 414) (615 220) (620 318) (720 510)))
(itemgroup (index 26) (group (310 126) (610 415) (615 221) (620 318) (720 509)))
(itemgroup (index 27) (group (700 127) (702 222) (712 318) (812 509)))
(itemgroup (index 28) (group (700 128) (702 226) (712 318) (812 510)))
(itemgroup (index 29) (group (200 129) (400 416) (405 227) (810 301) (860 511)))
(itemgroup (index 30) (group (200 130) (400 417) (405 228) (810 302) (860 511)))
(itemgroup (index 31) (group (200 131) (400 418) (405 229) (810 303) (860 511)))
(itemgroup (index 32) (group (150 132) (300 419) (305 230) (810 304) (860 511)))
(itemgroup (index 33) (group (150 133) (300 420) (305 231) (810 305) (860 511)))
(itemgroup (index 34) (group (150 134) (300 421) (305 232) (810 306) (860 511)))
(itemgroup (index 35) (group (80 135) (500 422) (505 239) (800 307) (850 511)))
(itemgroup (index 36) (group (200 136) (400 423) (405 233) (810 308) (860 512)))
(itemgroup (index 37) (group (150 137) (300 424) (305 234) (810 309) (860 512)))
(itemgroup (index 38) (group (150 138) (300 425) (305 235) (810 310) (860 512)))
(itemgroup (index 39) (group (150 139) (300 426) (305 236) (810 311) (860 512)))
(itemgroup (index 40) (group (150 140) (300 427) (305 237) (810 312) (860 512)))
(itemgroup (index 41) (group (400 141) (800 428) (805 238) (855 512)))
(itemgroup (index 42) (group (200 142) (400 429) (405 238) (810 313) (860 512)))
(itemgroup (index 43) (group (850 143) (900 240) (905 314) (955 513)))
(itemgroup (index 44) (group (850 144) (900 241) (905 314) (955 513)))
(itemgroup (index 45) (group (850 145) (900 242) (905 314) (955 513)))
(itemgroup (index 46) (group (850 146) (900 243) (905 314) (955 513)))
(itemgroup (index 47) (group (850 147) (900 244) (905 314) (955 513)))
(itemgroup (index 48) (group (850 148) (900 245) (905 314) (955 513)))
(itemgroup (index 49) (group (850 149) (900 246) (905 314) (955 513)))
(itemgroup (index 50) (group (850 150) (865 247) (870 315) (871 528) (921 601)))
(itemgroup (index 51) (group (850 151) (865 248) (870 315) (871 529) (921 601)))
(itemgroup (index 52) (group (850 152) (865 249) (870 315) (871 530) (921 601)))
(itemgroup (index 53) (group (850 153) (855 250) (860 315) (861 501) (921 601)))
(itemgroup (index 54) (group (850 154) (865 251) (870 315) (871 530) (921 601)))
(itemgroup (index 55) (group (850 155) (865 252) (870 319) (871 529) (921 601)))
(itemgroup (index 56) (group (850 156) (865 253) (870 319) (871 528) (921 601)))
(itemgroup (index 57) (group (800 157) (818 254) (824 320) (825 519) (875 602)))
(itemgroup (index 58) (group (800 158) (818 255) (824 320) (825 520) (875 602)))
(itemgroup (index 59) (group (800 159) (818 256) (824 320) (825 521) (875 602)))
(itemgroup (index 60) (group (800 160) (806 257) (813 320) (814 522) (864 602)))
(itemgroup (index 61) (group (800 161) (807 258) (813 320) (814 523) (864 602)))
(itemgroup (index 62) (group (800 162) (819 259) (825 320) (826 514) (876 602)))
(itemgroup (index 63) (group (800 163) (820 260) (826 320) (827 514) (877 602)))
(itemgroup (index 64) (group (800 164) (821 261) (827 320) (828 524) (878 602)))
(itemgroup (index 65) (group (800 165) (822 262) (828 320) (829 525) (879 602)))
(itemgroup (index 66) (group (800 162) (819 263) (825 320) (826 515) (876 602)))
(itemgroup (index 67) (group (800 163) (820 264) (826 320) (827 515) (877 602)))
(itemgroup (index 68) (group (800 164) (821 265) (827 320) (828 526) (878 602)))
(itemgroup (index 69) (group (800 165) (822 266) (828 320) (829 526) (879 602)))
(itemgroup (index 70) (group (800 162) (819 267) (825 320) (826 516) (876 602)))
(itemgroup (index 71) (group (800 163) (820 268) (826 320) (827 516) (877 602)))
(itemgroup (index 72) (group (800 164) (821 269) (827 320) (828 527) (878 602)))
(itemgroup (index 73) (group (800 165) (822 270) (828 320) (829 527) (879 602)))
(itemgroup (index 74) (group (800 162) (806 271) (812 320) (813 517) (863 602)))
(itemgroup (index 75) (group (800 163) (807 272) (813 320) (814 518) (864 602)))
(itemgroup (index 76) (group (800 164) (808 273) (814 320) (815 517) (865 602)))
(itemgroup (index 77) (group (800 165) (808 274) (814 320) (815 518) (865 602)))
(itemgroup (index 78) (group (800 166) (801 275) (807 321) (808 531)))
(itemgroup (index 79) (group (800 166) (801 276) (807 321) (808 532)))
(itemgroup (index 80) (group (800 166) (801 277) (807 321) (808 533)))
(itemgroup (index 81) (group (800 166) (801 278) (807 321) (808 534)))
(itemgroup (index 82) (group (800 167) (801 279) (807 321) (808 535)))
(itemgroup (index 83) (group (800 167) (801 280) (807 321) (808 536)))
(itemgroup (index 84) (group (800 167) (801 281) (807 321) (808 537)))
(itemgroup (index 85) (group (800 167) (801 282) (807 321) (808 538)))
(itemgroup (index 86) (group (800 168) (801 283) (807 321) (808 539)))
(itemgroup (index 87) (group (800 168) (801 284) (807 321) (808 540)))
(itemgroup (index 88) (group (800 168) (801 285) (807 321) (808 541)))
(itemgroup (index 89) (group (800 168) (801 286) (807 321) (808 542)))
(itemgroup (index 90) (group (800 169) (801 287) (807 321) (808 543)))
(itemgroup (index 91) (group (800 169) (801 288) (807 321) (808 544)))
(itemgroup (index 92) (group (800 169) (801 289) (807 321) (808 545)))
(itemgroup (index 93) (group (800 170) (801 290) (807 321) (808 546)))
(itemgroup (index 94) (group (800 171) (801 291) (807 321) (808 546)))
(itemgroup (index 95) (group (800 172) (809 292) (815 320) (816 547)))
(itemgroup (index 96) (group (800 172) (809 293) (815 320) (816 548)))
(itemgroup (index 97) (group (800 173) (821 294) (827 320) (828 549)))
(itemgroup (index 98) (group (800 174) (823 295) (829 320) (830 549)))
(itemgroup (index 99) (group (800 166) (802 296) (808 322) (809 550)))
(itemgroup (index 100) (group (800 167) (802 297) (808 322) (809 550)))
(itemgroup (index 101) (group (800 173) (821 298) (827 320) (828 551)))
(itemgroup (index 102) (group (800 174) (823 299) (829 320) (830 551)))
(itemgroup (index 103) (group (800 166) (802 701) (808 322) (809 552)))
(itemgroup (index 104) (group (800 167) (802 702) (808 322) (809 552)))
(itemgroup (index 105) (group (800 173) (821 703) (827 320) (828 553)))
(itemgroup (index 106) (group (800 174) (823 704) (829 320) (830 553)))
(itemgroup (index 107) (group (800 166) (802 705) (808 322) (809 554)))
(itemgroup (index 108) (group (800 167) (802 706) (808 322) (809 554)))
(itemgroup (index 109) (group (800 173) (821 707) (827 320) (828 555)))
(itemgroup (index 110) (group (800 174) (823 708) (829 320) (830 555)))
(itemgroup (index 111) (group (800 166) (802 709) (808 322) (809 556)))
(itemgroup (index 112) (group (800 167) (802 710) (808 322) (809 556)))
(itemgroup (index 113) (group (800 167) (802 711) (808 322) (809 557)))
(itemgroup (index 114) (group (800 175) (802 712) (808 322) (809 558)))
(itemgroup (index 115) (group (800 176) (802 713) (808 322) (809 559)))
(itemgroup (index 116) (group (800 177) (802 714) (808 322) (809 560)))
(itemgroup (index 117) (group (800 178) (802 715) (808 322) (809 561)))
(itemgroup (index 118) (group (800 179) (802 716) (808 322) (809 562)))
(itemgroup (index 119) (group (800 180) (802 717) (808 322) (809 560)))
(itemgroup (index 120) (group (800 181) (802 718) (808 322) (809 559)))
(itemgroup (index 121) (group (900 182) (901 719) (920 322)))
(itemgroup (index 122) (group (900 182) (901 720) (920 322)))
(itemgroup (index 123) (group (900 182) (901 721) (920 322)))
(itemgroup (index 124) (group (900 183) (901 722) (920 322)))
(itemgroup (index 125) (group (900 184) (901 722) (920 322)))
(itemgroup (index 126) (group (900 185) (901 722) (920 322)))
(itemgroup (index 127) (group (900 186) (901 723) (920 322)))
(itemgroup (index 128) (group (850 187) (865 724) (870 319) (871 563)))
(itemgroup (index 129) (group (850 188) (865 725) (870 319) (871 564)))
(itemgroup (index 130) (group (850 189) (865 726) (870 319) (871 565)))
(itemgroup (index 131) (group (850 190) (865 727) (870 319) (871 501)))
(itemgroup (index 132) (group (850 191) (865 728) (870 319) (871 565)))
(itemgroup (index 133) (group (850 192) (865 729) (870 319) (871 564)))
(itemgroup (index 134) (group (850 193) (865 730) (870 319) (871 563)))
(itemgroup (index 135) (group (30 194) (830 2052) (831 731) (850 322)))
(itemgroup (index 136) (group (30 195) (830 2053) (831 732) (850 322)))
(itemgroup (index 137) (group (30 196) (830 2054) (831 733) (850 322)))
(itemgroup (index 138) (group (30 196) (830 2055) (831 731) (850 322)))
(itemgroup (index 139) (group (30 197) (830 2056) (831 732) (850 322)))
(itemgroup (index 140) (group (30 198) (830 2057) (831 733) (850 322)))
(itemgroup (index 141) (group (30 198) (830 2058) (831 731) (850 322)))
(itemgroup (index 142) (group (30 199) (830 2059) (831 732) (850 322)))
(itemgroup (index 143) (group (30 2000) (830 2060) (831 733) (850 322)))
(itemgroup (index 144) (group (30 2001) (830 2061) (831 731) (850 322)))
(itemgroup (index 145) (group (30 2002) (830 2062) (831 732) (850 322)))
(itemgroup (index 146) (group (30 2003) (830 2063) (831 733) (850 322)))
(itemgroup (index 147) (group (30 2004) (830 2064) (831 731) (850 322)))
(itemgroup (index 148) (group (30 2005) (830 2065) (831 732) (850 322)))
(itemgroup (index 149) (group (30 2006) (830 2066) (831 733) (850 322)))
(itemgroup (index 150) (group (30 2007) (830 2067) (831 731) (850 322)))
(itemgroup (index 151) (group (30 2008) (830 2068) (831 732) (850 322)))
(itemgroup (index 152) (group (30 2009) (830 2069) (831 733) (850 322)))
(itemgroup (index 153) (group (30 2010) (830 2070) (831 731) (850 322)))
(itemgroup (index 154) (group (30 2011) (830 2071) (831 732) (850 322)))
(itemgroup (index 155) (group (30 2012) (830 2072) (831 733) (850 322)))
(itemgroup (index 156) (group (30 2013) (830 2073) (831 734) (850 322)))
(itemgroup (index 157) (group (30 2014) (830 2074) (831 735) (850 322)))
(itemgroup (index 158) (group (30 2015) (830 2075) (831 736) (850 322)))
(itemgroup (index 159) (group (30 2016) (830 2076) (831 736) (850 322)))
(itemgroup (index 160) (group (30 2017) (830 2077) (831 735) (850 322)))
(itemgroup (index 161) (group (30 2018) (830 2078) (831 734) (850 322)))
(itemgroup (index 162) (group (30 2019) (830 2079) (831 734) (850 322)))
(itemgroup (index 163) (group (30 2020) (830 2080) (831 735) (850 322)))
(itemgroup (index 164) (group (30 2021) (830 2081) (831 736) (850 322)))
(itemgroup (index 165) (group (30 2022) (830 2082) (831 737) (850 322)))
(itemgroup (index 166) (group (30 2023) (830 2083) (831 738) (850 322)))
(itemgroup (index 167) (group (30 2024) (830 2084) (831 739) (850 322)))
(itemgroup (index 168) (group (30 2025) (830 2085) (831 739) (850 322)))
(itemgroup (index 169) (group (30 2026) (830 2086) (831 738) (850 322)))
(itemgroup (index 170) (group (30 2027) (830 2087) (831 737) (850 322)))
(itemgroup (index 171) (group (25 2028) (825 2088) (826 737) (845 322)))
(itemgroup (index 172) (group (25 2029) (825 2089) (826 738) (845 322)))
(itemgroup (index 173) (group (25 2030) (825 2090) (826 739) (845 322)))
(itemgroup (index 174) (group (25 2031) (825 2091) (826 739) (845 322)))
(itemgroup (index 175) (group (25 2030) (825 2092) (826 738) (845 322)))
(itemgroup (index 176) (group (25 2031) (825 2093) (826 737) (845 322)))
(itemgroup (index 177) (group (25 2032) (825 2094) (826 737) (845 322)))
(itemgroup (index 178) (group (25 2033) (825 2095) (826 738) (845 322)))
(itemgroup (index 179) (group (25 2034) (825 2096) (826 739) (845 322)))
(itemgroup (index 180) (group (2 2035) (802 2097) (803 739) (821 322)))
(itemgroup (index 181) (group (2 2036) (802 2098) (803 738) (821 322)))
(itemgroup (index 182) (group (2 2037) (802 2099) (803 737) (821 322)))
(itemgroup (index 183) (group (2 2038) (802 2100) (803 737) (821 322)))
(itemgroup (index 184) (group (2 2039) (802 2101) (803 738) (821 322)))
(itemgroup (index 185) (group (2 2040) (802 2102) (803 739) (821 322)))
(itemgroup (index 186) (group (1 2041) (801 2103) (802 739) (821 322)))
(itemgroup (index 187) (group (1 2042) (801 2104) (802 738) (821 322)))
(itemgroup (index 188) (group (1 2043) (801 2105) (802 737) (821 322)))
(itemgroup (index 189) (group (1 2044) (801 2106) (802 737) (821 322)))
(itemgroup (index 190) (group (1 2045) (801 2107) (802 738) (821 322)))
(itemgroup (index 191) (group (1 2046) (801 2108) (802 739) (821 322)))
(itemgroup (index 192) (group (450 2047) (900 2049) (970 2051) (1000 2123)))
(itemgroup (index 193) (group (900 2048)))
(itemgroup (index 194) (group (900 2109) (906 2110) (916 2111) (917 2112) (918 2113) (919 2114))) 
(itemgroup (index 195) (group (900 2109) (906 2110) (916 2111) (917 2112) (918 2113) (919 2115)))
(itemgroup (index 196) (group (900 2109) (906 2110) (916 2111) (917 2112) (918 2113) (919 2116)))
(itemgroup (index 197) (group (900 2109) (906 2110) (916 2111) (917 2112) (918 2113) (919 2117)))
(itemgroup (index 198) (group (900 2109) (906 2110) (916 2111) (917 2112) (918 2113) (919 2118)))
(itemgroup (index 199) (group (730 2119) (900 2120) (970 2121) ))


(itemgroup (index 901) (group (100 901)))
(itemgroup (index 902) (group (100 902)))
(itemgroup (index 903) (group (800 903)))
(itemgroup (index 904) (group (800 904)))
(itemgroup (index 905) (group (200 905)))
(itemgroup (index 906) (group (700 906)))
(itemgroup (index 907) (group (800 907)))
(itemgroup (index 908) (group (900 908)))
(itemgroup (index 909) (group (500 909)))
(itemgroup (index 910) (group (500 910)))
(itemgroup (index 911) (group (60 911)))
(itemgroup (index 912) (group (500 912)))
(itemgroup (index 913) (group (500 913)))
(itemgroup (index 914) (group (500 914)))
(itemgroup (index 915) (group (500 915)))
(itemgroup (index 916) (group (500 916)))
(itemgroup (index 917) (group (300 917)))
(itemgroup (index 918) (group (300 918)))
(itemgroup (index 919) (group (300 919)))
(itemgroup (index 920) (group (300 920)))
(itemgroup (index 921) (group (250 921)))
(itemgroup (index 922) (group (100 922)))
(itemgroup (index 923) (group (100 923)))
(itemgroup (index 924) (group (200 924)))
(itemgroup (index 925) (group (50 925)))
(itemgroup (index 926) (group (50 926)))
(itemgroup (index 927) (group (50 927)))
(itemgroup (index 928) (group (50 928)))
(itemgroup (index 929) (group (50 929)))
(itemgroup (index 930) (group (50 930)))
(itemgroup (index 931) (group (240 931)))
(itemgroup (index 932) (group (280 932)))
;(itemgroup (index 933) (group (600 933)))
(itemgroup (index 934) (group (240 934)))
(itemgroup (index 935) (group (6 935)))
(itemgroup (index 936) (group (6 936)))
(itemgroup (index 937) (group (30 937)))
(itemgroup (index 938) (group (30 938)))
(itemgroup (index 939) (group (30 939)))
(itemgroup (index 940) (group (30 940)))
(itemgroup (index 941) (group (30 941)))
(itemgroup (index 942) (group (30 942)))
(itemgroup (index 943) (group (30 943)))
(itemgroup (index 944) (group (300 944)))
(itemgroup (index 945) (group (100 945)))
(itemgroup (index 946) (group (100 946)))
(itemgroup (index 947) (group (100 947)))
(itemgroup (index 948) (group (100 948)))
(itemgroup (index 949) (group (100 949)))
(itemgroup (index 950) (group (100 950)))
(itemgroup (index 951) (group (100 951)))
(itemgroup (index 952) (group (1000 952)))
(itemgroup (index 953) (group (1000 953)))
(itemgroup (index 954) (group (1000 954)))
(itemgroup (index 955) (group (1000 955)))
(itemgroup (index 956) (group (1000 956)))
(itemgroup (index 957) (group (1000 957)))
(itemgroup (index 958) (group (1000 958)))
(itemgroup (index 959) (group (1000 959)))
(itemgroup (index 960) (group (1000 960)))
(itemgroup (index 961) (group (1000 961)))
(itemgroup (index 962) (group (1000 962)))
(itemgroup (index 963) (group (1000 963)))
(itemgroup (index 964) (group (1000 964)))
(itemgroup (index 965) (group (1000 965)))
(itemgroup (index 966) (group (1000 966)))
(itemgroup (index 967) (group (1000 967)))
(itemgroup (index 968) (group (1000 968)))
(itemgroup (index 969) (group (1000 969)))
(itemgroup (index 970) (group (1000 970)))
(itemgroup (index 971) (group (1000 971)))
(itemgroup (index 972) (group (1000 972)))
(itemgroup (index 973) (group ))
(itemgroup (index 974) (group ))
(itemgroup (index 975) (group ))
(itemgroup (index 976) (group ))
(itemgroup (index 977) (group ))
(itemgroup (index 978) (group ))
(itemgroup (index 979) (group ))
(itemgroup (index 980) (group (1000 980)))
(itemgroup (index 981) (group (1000 981)))
(itemgroup (index 982) (group (1000 982)))
(itemgroup (index 983) (group (1000 983)))
(itemgroup (index 984) (group (1000 984)))
(itemgroup (index 985) (group (1000 985)))
(itemgroup (index 986) (group (1000 986)))
(itemgroup (index 987) (group ))
(itemgroup (index 988) (group (1000 988)))
(itemgroup (index 989) (group (1000 989)))
(itemgroup (index 990) (group (1000 990)))
(itemgroup (index 991) (group (1000 991)))
(itemgroup (index 992) (group (1000 992)))
(itemgroup (index 993) (group (1000 993)))
(itemgroup (index 994) (group (1000 994)))
(itemgroup (index 995) (group (1000 995)))
(itemgroup (index 996) (group (1000 996)))
(itemgroup (index 997) (group (1000 997)))
(itemgroup (index 998) (group (1000 998)))
(itemgroup (index 999) (group (1000 999)))
(itemgroup (index 1000) (group (1000 1000)))
(itemgroup (index 1001) (group (1000 1001)))
(itemgroup (index 1002) (group (1000 1002)))
(itemgroup (index 1003) (group (1000 1003)))
(itemgroup (index 1004) (group (1000 1004)))
(itemgroup (index 1005) (group (500 1005) (1000 1010)))
(itemgroup (index 1006) (group (1000 1006)))
(itemgroup (index 1007) (group (1000 1007)))
(itemgroup (index 1008) (group (1000 1008)))
(itemgroup (index 1009) (group (1000 1009)))
;(itemgroup (index 1010) (group (900 1011) (980 1012) (1000 1013)))
;(itemgroup (index 1011) (group (900 1014) (980 1015) (1000 1016)))
;(itemgroup (index 1012) (group (900 1017) (980 1018) (1000 1016)))
;(itemgroup (index 1013) (group (960 1019) (980 1020) (1000 1016)))
;(itemgroup (index 1014) (group (980 1021) (990 1020) (1000 1022)))
;(itemgroup (index 1015) (group (980 1023) (990 1024) (1000 1022)))
;(itemgroup (index 1016) (group (980 1025) (990 1026) (1000 1027)))
;(itemgroup (index 1017) (group (980 1028) (990 1029) (1000 1027)))
;나무상자
(itemgroup (index 1018) (group (1000 1030)))
(itemgroup (index 1019) (group (1000 1031)))
(itemgroup (index 1020) (group (1000 1032)))
(itemgroup (index 1021) (group (1000 1033)))
(itemgroup (index 1022) (group (1000 1034)))
(itemgroup (index 1023) (group (1000 1035)))
(itemgroup (index 1024) (group (1000 1036)))
(itemgroup (index 1025) (group (300 1037)))
(itemgroup (index 1026) (group (300 1038)))
(itemgroup (index 1027) (group (300 1039)))
;(itemgroup (index 1028) (group (1000 1040)))
;설날이벤트 아이템 추가 드롭
;(itemgroup (index 1029) (group (1000 1041)))
(itemgroup (index 1030) (group (1000 2124)))
(itemgroup (index 1031) (group (1000 2125)))




;(itemgroup (index 인덱스) (group (확률 소분류인덱스) () ()))
;(itemgroup (index ) (group () 	))


