; goto -----------------------------------
(goto 1002 0 257031 257454 15996)	;광천
(goto 1003 0 258322 259234 15974)	;시근
(goto 1004 0 264893 261352 16125)	;와류
(goto 1006 0 257647 257928 16132)	;막안수
(goto 1007 0 264974 262259 16174)	;세원장군
(goto 1008 0 265183 262396 16209)	;누룩
(goto 1009 0 257224 258995 16090)	;지헌
(goto 1010 0 256965 258181 16160)	;주지민
(goto 1011 0 265127 262030 16180)	;누웅
(goto 1012 0 265132 285641 22650)	;귀식
(goto 1013 0 257520 259072 16074)	;하직
(goto 1014 0 265036 262838 16271)	;원정
(goto 1015 0 257297 259638 16141)	;예진
(goto 1016 0 264934 285811 22650)	;주농
(goto 1017 0 265259 282184 22531)	;양도
(goto 1018 0 264813 262187 16160)	;옥진
(goto 1019 0 265009 285426 22650)	;유안
(goto 1020 0 265117 261418 16170)	;자간
(goto 1021 0 265152 285268 22650)	;원가
(goto 1022 0 265645 262506 16360)	;거소선
(goto 1023 0 265342 285287 22640)	;중권
(goto 1024 0 256848 258953 16127)	;천수인
(goto 1025 0 256481 257075 16206)	;세류
(goto 1026 0 265560 261983 16200)	;인필장군
(goto 1027 0 264922 285876 22650)	;형주승공
(goto 1028 0 267638 283290 28041)	;진평대감
(goto 1029 0 265456 285571 22640)	;청이
(goto 1030 0 257383 257701 16022)	;돌쇠
(goto 1031 0 257330 259390 16168)	;나루터마을
(goto 1032 0 265671 285439 22640)	;금오광산
(goto 1033 0 264923 262168 16170)	;죽서하적장
(goto 1034 0 256323 288442 27050)	;거조의주막
(goto 1035 0 267835 242252 19630)	;금오이성
(goto 1036 0 258682 264358 16251)	;나루터다리
(goto 1037 0 265758 275965 23260)	;오도협곡다리
(goto 1038 0 255148 235358 16037)	;금오이성해변
(goto 1039 0 274449 232155 17653)	;현웅
(goto 1040 0 267068 242979 19630)	;토우
(goto 1041 0 257951 259142 16060)	;창
(goto 1042 0 257041 259152 16090)	;하우고
(goto 1043 0 265137 285451 23176)	;마용
(goto 1044 0 267719 243230 19630)	;기정
(goto 1045 0 268180 243483 19630)	;근평
(goto 1046 0 274435 241985 19920)	;친한도깨비
(goto 1047 0 268273 243027 19620)	;길준
(goto 1048 0 271579 237272 17152)	;승길
(goto 1049 0 268155 242426 19630)	;마길
(goto 1050 0 263259 225763 17566)	;학구
(goto 1051 0 267355 242496 19650)	;수고
(goto 1052 0 267406 242339 19650)	;덕윤
(goto 1053 0 267707 242308 19630)	;현충
(goto 1054 0 267252 242884 19630)	;토우
(goto 1055 0 267710 243126 19630)	;기정
(goto 1056 0 268458 243369 19620)	;진해량
(goto 1057 0 268823 243486 19620)	;제가
(goto 1058 0 268827 243523 19620)	;유상
(goto 1059 0 268198 243976 19630)	;임강
(goto 1060 0 268178 244307 19620)	;가기
(goto 1061 0 266914 243523 19620)	;단복
(goto 1062 0 266790 242964 19620)	;흥패
(goto 1063 0 259389 265165 16090)	;절름발이
(goto 1064 0 264965 268138 18205)	;봉사
(goto 1065 0 266174 272175 21729)	;겁쟁이
(goto 1066 0 265417 276915 23240)	;곱사등이
(goto 1067 0 258738 264249 16276)	;귀머거리
(goto 1068 0 262113 256702 17321)	;외팔이
(goto 1069 0 265893 275953 23260)	;관리인
(goto 1070 0 269382 243351 19630)	;자상
(goto 1071 0 256057 289114 27050)	;강만
(goto 1072 1 6409 6680 19858)	;왕릉수괴
(goto 1073 3 57367 8967 30799)	;어르신
(goto 1074 0 249186 259480 25407)	;공성탑

; portal ----------------------------------------------------------------------
(portal (country 0 2) (from 0 7584 9313 7586 9315) (to 1 1089 1327 20476))
(portal (country 0 2) (from 1 216 135 217 140) (to 0 242781 298016 34737))
(portal (country 0 2) (from 1 147 252 152 253) (to 0 242781 298016 34737))
(portal (country 0 2) (from 1 28 237 29 241) (to 0 242781 298016 34737))
(portal (country 0 2) (from 1 29 39 30 44) (to 0 242781 298016 34737))

(portal (country 0 2) (from 0 8827 7400 8829 7401) (to 2 50204 34102 20476))
(portal (country 0 2) (from 2 1565 1063 1566 1068) (to 0 282486 236837 18765))
(portal (country 0 2) (from 2 1564 1261 1565 1265) (to 0 282486 236837 18765))



; 시나리오1관련 포탈좌표 -------------------------------------------------------
(portal (country 0 2) (from 0 8787 7819 8795 7820) (to 3 53117 18041 30002))
(portal (country 0 2) (from 3 1827 180 1828 182) (to 3 45890 8174 30499))
(portal (country 0 2) (from 3 1815 329 1823 333) (to 3 52162 18899 30003))
(portal (country 0 2) (from 3 121 559 127 560) (to 3 21155 18024 30003))
(portal (country 0 2) (from 3 191 675 197 676) (to 3 22751 37890 30002))
(portal (country 0 2) (from 3 658 559 664 560) (to 3 3966 18044 30003))
(portal (country 0 2) (from 3 701 657 702 663) (to 3 38974 21507 30003))
(portal (country 0 2) (from 3 1657 559 1663 560) (to 0 281303 250206 16260))
(portal (country 0 2) (from 3 1727 676 1733 677) (to 3 5406 37866 30002))
(portal (country 0 2) (from 3 166 1187 172 1188) (to 3 55358 21503 30003))
(portal (country 0 2) (from 3 133 1084 134 1090) (to 3 19827 34954 30002))
(portal (country 0 2) (from 3 615 1089 616 1095) (to 3 4387 34794 30003))
(portal (country 0 2) (from 3 708 1188 714 1189) (to 3 6203 21499 30003))
(portal (country 0 2) (from 3 1215 676 1221 677) (to 3 22307 21131 30003))
(portal (country 0 2) (from 3 1127 577 1128 583) (to 3 26472 8807 30499))
(portal (country 0 2) (from 3 824 274 826 276) (to 3 36190 18573 30003))
(portal (country 0 2) (from 3 824 334 826 336) (to 3 42836 11199 30499))
(portal (country 0 2) (from 3 1336 349 1338 351) (to 3 26461 10722 30499))
(portal (country 0 2) (from 3 1433 252 1435 254) (to 3 58406 5797 29999))

; 시나리오2관련 포탈좌표 --------------------------------------------------------

;out -> 1
;(portal (country 0) (from 0 7102 9954 7107 9960) (to 4 35583 34558 29809))	
(portal (country 0) (from 0 7102 9954 7107 9960) (to 4 35560 34516 29717))	

; 1-> 2
;(portal (country 0) (from 4 563 1690 567 1694) (to 4 35300 37548 29705))
(portal (country 0) (from 4 563 1690 567 1694) (to 4 35404 37564 29865))

; 2-> 1
;(portal (country 0) (from 4 1099 1170 1102 1173) (to 4 18542 53822 29993))
(portal (country 0) (from 4 1099 1170 1102 1173) (to 4 18542 53822 29993))

; 2-> 3
;(portal (country 0) (from 4 1164 1576 1167 1579) (to 4 20183 50877 29501))
(portal (country 0) (from 4 1164 1576 1167 1579) (to 4 20267 50951 29774))

; 3-> 2
;(portal (country 0) (from 4 627 1586 630 1589) (to 4 36978 50831 30027))
(portal (country 0) (from 4 627 1586 630 1589) (to 4 36995 50845 30043))

; 3 -> 4
;(portal (country 0) (from 4 152 1626 159 1633) (to 4 34813 53793 29304))
(portal (country 0) (from 4 152 1626 159 1633) (to 4 34954 53743 29545))

; 4-> 3
;(portal (country 0) (from 4 1085 1680 1087 1683) (to 4 4860 52145 31575))	
(portal (country 0) (from 4 1085 1680 1087 1683) (to 4 4799 52117 31697))	

; 4 -> 5
;(portal (country 0) ( from 4 116 2153 120 2156 ) ( to 4 3170 51979 31653 ) )
(portal (country 0) ( from 4 116 2153 120 2156 ) ( to 4 3158 51871 31741) )

; 5 -> 4
;(portal (country 0) (from 4 0 1536 103 1631) (to 4 3840 68864 32084))
(portal (country 0) (from 4 0 1536 103 1631) (to 4 3974 68753 31834))

; 5-> 6 
;(portal (country 0) (from 4 512 2048 632 2141) (to 4 3105 67222 31522))	
(portal (country 0) (from 4 512 2048 632 2141) (to 4 3198 67168 31545))	

; 6-> 5
;(portal (country 0) ( from 4 94 2100 97 2102 ) ( to 4 20093 68305 31708 ) )
(portal (country 0) ( from 4 94 2100 97 2102 ) ( to 4 20147 68236 31752) )

; -> out 
;(portal (country 0) (from 4 512 2048 655 2094) (to 0 227424 318651 45930))
(portal (country 0) (from 4 512 2048 655 2094) (to 0 227424 318651 45930))
;(portal (country 0) (from 4 101 1595 109 1601) (to 0 227424 318651 45930))
(portal (country 0) (from 4 101 1595 109 1601) (to 0 227424 318651 45930))
;(portal (country 0) (from 4 1024 1024 1116 1084) (to 0 227424 318651 45930))
(portal (country 0) (from 4 1024 1024 1116 1084) (to 0 227424 318651 45930))
;(portal (country 0) (from 4 1024 1024 1073 1058) (to 0 227424 318651 45930))
(portal (country 0) (from 4 1024 1024 1073 1058) (to 0 227424 318651 45930))
