;009 드랍 ver 04 - 나무상자 자모전 드롭 확률 50% 하락 20060403
;008 드랍 ver 04 - 어르신드랍 수정. 20060206
;007 드랍 ver 04 - 설날이벤트 아이템(868~878) 확률 조정. 드랍군 버젼 0.4 20060127
;006 드랍 ver 04 - 설날이벤트 아이템(868~878) 드롭 추가. 드랍군 버젼 0.4 20060120
;005 드랍 ver.03 - 시나리오2 태후 드랍군 수정. 80:14:6 (돈:50방:55방) + 60방 하나. 20번 드랍. 20060111
;004 드랍 ver.03 - 53무기, 50방어구, 56무기 드랍률 수정완료. 시나리오2 드랍군 추가 완료. 보스는 제외 20051227
;003 드랍 ver.03 - 53무기, 50방어구, 56무기 드랍률 수정중. ver.02 작업 이어 받음. 20051222
;002 드랍 ver.02 - 56무기 드랍률 수정중. 20051213
;001 드랍 ver.01 - 53무기, 50방어구 드랍률 수정. 20051213

;group A
(group (index 101) (money (600 2000)) (item (800 443 0) (950 47 0)))
(group (index 102) (money (600 300)) (item (800 443 0) (1020 2 0) (1040 23 0) (1060 91 0) (1000 47 0)))
(group (index 103) (money (857 300)) (item (1897 443 0) (1018 2 0) (1039 23 0) (1060 91 0) (1000 47 0)))
(group (index 104) (money (848 400)) (item (1888 443 0) (1028 47 0) (1052 2 0) (1076 23 0) (1000 91 0)))
(group (index 105) (money (881 600)) (item (1921 443 0) (1034 6 0) (1047 32 0) (1060 70 0) (1000 47 0)))
(group (index 106) (money (600 800)) (item (1919 443 0) (1023 3 0) (1025 92 0) (1085 47 0) (1087 6 0) (1089 7 0) (1091 8 0) (1093 9 0)
					(995 10 0) (1096 70 0) (1097 71 0) (1098 72 0) (1099 73 0) (1000 74 0)))
(group (index 107) (money (979 800)) (item (1919 443 0) (1023 24 0) (1025 92 0) (1085 47 0) (1087 32 0) (1089 33 0) (1091 34 0) (1093 35 0)
					(995 36 0) (1096 70 0) (1097 71 0) (1098 72 0) (1099 73 0) (1000 74 0)))
(group (index 108) (money (895 1000)) (item (1925 443 0) (1085 47 0) (1090 3 0) (1095 24 0) (1000 92 0)))
(group (index 109) (money (600 900)) (item (1940 443 0) (1000 47 0)))
(group (index 110) (money (600 1100)) (item (1868 443 0) (1070 93 0) (1090 47 0) (1092 70 0) (1094 71 0) (1096 72 0) (1098 73 0) (1000 74 0)))
(group (index 111) (money (468 1200)) (item (1868 171 0) (1070 4 0) (1090 47 0) (1092 6 0) (1094 7 0) (1096 8 0) (1098 9 0) (1000 10 0)))
(group (index 112) (money (468 1300)) (item (1868 171 0) (1070 25 0) (1090 47 0) (1092 32 0) (1094 33 0) (1096 34 0) (1098 35 0) (1000 36 0)))
(group (index 113) (money (773 1500)) (item (1853 443 0) (1093 47 0) (1095 93 0) (1096 75 0) (1097 76 0) (1098 77 0) (1099 78 0) (1000 79 0)))
(group (index 114) (money (453 1600)) (item (1853 173 0) (1055 25 0) (1056 37 0) (1057 38 0) (1058 39 0) (1059 40 0) (1060 41 0) (1000 47 0)))
(group (index 115) (money (453 1700)) (item (1000 173 0) (1000 4 0) (1000 11 0) (1000 12 0) (1000 13 0) (1000 14 0) (1000 15 0) (1000 47 0)))
(group (index 116) (money (449 2000)) (item (170 174 0) (1000 443 0) (1000 5 0) (1000 47 0) (1000 11 0) (1094 12 0) (1096 13 0) (1098 14 0) (1000 15 0)))
(group (index 117) (money (449 2000)) (item (1769 175 0) (1049 443 0) (1050 26 0) (1090 47 0) (1092 37 0) (1094 38 0) (1096 39 0) (1098 40 0) (1000 41 0)))
(group (index 118) (money (449 2200)) (item (1769 176 0) (1049 443 0) (1050 94 0) (950 47 0) (1090 48 0)
					(992 75 0) (1094 76 0) (1096 77 0) (1098 78 0) (1000 79 0)))
(group (index 119) (money (444 2400)) (item (1764 177 0) (1044 443 0) (1034 47 0) (1094 48 0) (1096 5 0) (1098 26 0) (1000 94 0)))
(group (index 120) (money (421 2400)) (item (1741 178 0) (1021 443 0) (1021 47 0) (1091 48 0) (1092 59 0) (1093 62 0) (1094 95 0)
					(995 16 0) (1096 17 0) (1097 42 0) (1098 43 0) (1099 80 0) (1000 81 0)))
(group (index 121) (money (464 2500)) (item (1864 162 0) (1044 47 0) (1094 48 0) (1096 59 0) (1098 62 0) (1000 95 0)))
(group (index 122) (money (443 2600)) (item (1763 179 0) (1043 443 0) (1045 96 0) (1046 80 0) (1047 81 0) (1048 82 0)
					(900 83 0) (1050 84 0) (950 47 0) (1000 48 0)))
(group (index 123) (money (443 2700)) (item (1843 162 0) (1045 27 0) (1046 42 0) (1047 43 0) (1048 44 0)
					(900 45 0) (1050 46 0) (1050 47 0) (1000 48 0)))
(group (index 124) (money (443 2800)) (item (1763 180 9) (900 443 0) (1045 21 0) (1046 16 0) (1047 17 0) (1048 18 0)
					(900 19 0) (1050 20 0) (1050 47 0) (1000 48 0)))
(group (index 125) (money (474 2900)) (item (1874 162 0) (1064 47 0) (1094 48 0) (1096 21 0) (1098 27 0) (1000 96 0)))
(group (index 126) (money (477 3000)) (item (1797 163 0) (1077 443 0) (1067 47 0) (1097 48 0) (1098 60 0) (1099 63 0) (1000 97 0)))
(group (index 127) (money (531 4800)) (item (1851 181 0) (1031 443 0) (1091 48 0) (1094 60 0) (1097 63 0) (1000 97 0)))
(group (index 128) (money (931 5200)) (item (1991 48 0) (1094 61 0) (1097 64 0) (1000 98 0)))
(group (index 129) (money (835 3300)) (item (1839 97 0) (1040 98 0) (1080 48 0) (1000 48 0)))
(group (index 130) (money (835 3600)) (item (1839 60 0) (1040 61 0) (1080 48 0) (1000 48 0)))
(group (index 131) (money (835 3900)) (item (1839 63 0) (1040 64 0) (1080 48 0) (1000 48 0)))
(group (index 132) (money (745 4200)) (item (1746 49 0) (1047 50 0) (1048 51 0) (1049 52 0) (1050 53 0) (950 48 0) (1000 48 0)))
(group (index 133) (money (745 4500)) (item (1746 54 0) (1047 55 0) (1048 56 0) (1049 57 0) (1050 58 0) (950 48 0) (1000 48 0)))
(group (index 134) (money (745 4800)) (item (1746 85 0) (1047 86 0) (1048 87 0) (1049 88 0) (1050 89 0) (950 48 0) (1000 48 0)))
(group (index 135) (money (585 5400)) (item (1586 49 0) (500087 50 0) (500088 51 0) (500089 52 0) (500090 53 0) (500091 54 0)
					(592 55 0) (500093 56 0) (500094 57 0) (950 58 0) (500096 85 0) (500097 86 0)
					(598 87 0) (500099 88 0) (950 89 0) (950 48 0) (1000 48 0)))
(group (index 136) (money (600 5000)) (item (1880 227 0) (1000 443 0)))
(group (index 137) (money (600 5100)) (item (1598 228 0) (1048 443 0) (1050 111 0) (950 48 0) (1000 48 0)))
(group (index 138) (money (600 5400)) (item (1598 229 0) (1048 443 0) (1050 105 0) (950 48 0) (1000 48 0)))
(group (index 139) (money (600 5800)) (item (1598 230 0) (1048 443 0) (1050 99 0) (950 48 0) (1000 48 0)))
(group (index 140) (money (600 6200)) (item (1591 231 0) (1041 443 0) (1043 99 0) (1045 105 0) (1047 111 0) (1048 100 0)
					(749 106 0) (1050 112 0) (900 48 0) (1000 48 0)))
(group (index 141) (money (294 9200)) (item (1534 232 0) (500094 443 0) (950 101 0) (500096 107 0) (500097 113 0) (500098 102 0)
					(599 108 0) (950 114 0) (950 48 0) (1000 48 0)))
(group (index 142) (money (600 5400)) (item (1485 233 0) (500085 443 0) (500086 117 0) (500087 118 0) (500088 119 0) (500089 120 0) (500090 121 0) (500091 122 0)
					(592 123 0) (500093 124 0) (500094 125 0) (950 126 0) (500096 127 0) (500097 128 0)
					(598 129 0) (500099 130 0) (950 131 0) (950 48 0) (1000 48 0)))
(group (index 143) (money (650 7400)) (item (800 48 0) (1040 443 0)))
(group (index 144) (money (650 7500)) (item (800 48 0) (1040 443 0)))
(group (index 145) (money (650 7600)) (item (800 48 0) (1040 443 0)))
(group (index 146) (money (650 7700)) (item (800 48 0) (1040 443 0)))
(group (index 147) (money (650 7800)) (item (800 48 0) (1040 443 0)))
(group (index 148) (money (650 7900)) (item (800 48 0) (1040 443 0)))
(group (index 149) (money (650 8000)) (item (800 48 0) (1040 443 0)))
(group (index 150) (money (650 12400)) (item (800 48 0) (1040 443 0)))
(group (index 151) (money (650 12600)) (item (800 48 0) (1040 443 0)))
(group (index 152) (money (650 12800)) (item (800 48 0) (1040 443 0)))
(group (index 153) (money (650 13000)) (item (800 48 0) (1040 443 0)))
(group (index 154) (money (650 13200)) (item (800 48 0) (1040 443 0)))
(group (index 155) (money (650 13400)) (item (800 48 0) (1040 443 0)))
(group (index 156) (money (650 13600)) (item (800 48 0) (1040 443 0)))
(group (index 157) (money (650 14600)) (item (1720 48 0) (1050 443 0)))
(group (index 158) (money (650 14800)) (item (1720 48 0) (1050 443 0)))
(group (index 159) (money (650 15000)) (item (1720 48 0) (1050 443 0)))
(group (index 160) (money (650 15200)) (item (1720 48 0) (1050 443 0)))
(group (index 161) (money (650 15400)) (item (1720 48 0) (1050 443 0)))
(group (index 162) (money (650 15600)) (item (1720 48 0) (1050 443 0)))
(group (index 163) (money (650 15800)) (item (1720 48 0) (1050 443 0)))
(group (index 164) (money (650 16000)) (item (1720 48 0) (1050 443 0)))
(group (index 165) (money (650 16200)) (item (1720 48 0) (1050 443 0)))
(group (index 166) (money (600 19600)) (item (800 48 0)))
(group (index 167) (money (600 201400)) (item (800 48 0)))
(group (index 168) (money (600 203200)) (item (800 48 0)))
(group (index 169) (money (600 205000)) (item (800 48 0)))
(group (index 170) (money (600 30400)) (item (800 48 0)))
(group (index 171) (money (600 32800)) (item (800 48 0)))
(group (index 172) (money (650 15400)) (item (1720 48 0)))
(group (index 173) (money (650 15600)) (item (1720 48 0)))
(group (index 174) (money (650 16000)) (item (1720 48 0)))
(group (index 175) (money (600 202000)) (item (800 48 0)))
(group (index 176) (money (600 202600)) (item (800 48 0)))
(group (index 177) (money (600 203200)) (item (800 48 0)))
(group (index 178) (money (600 203800)) (item (800 48 0)))
(group (index 179) (money (600 204400)) (item (800 48 0)))
(group (index 180) (money (600 205000)) (item (800 48 0)))
(group (index 181) (money (600 205600)) (item (800 48 0)))
(group (index 182) (money (600 208000)))
(group (index 183) (money (600 33400)))
(group (index 184) (money (600 36200)))
(group (index 185) (money (600 39000)))
(group (index 186) (money (600 41800)))
(group (index 187) (money (650 13600)) (item (800 48) (740 443)))
(group (index 188) (money (650 13800)) (item (800 48) (740 443)))
(group (index 189) (money (650 14000)) (item (800 48) (740 443)))
(group (index 190) (money (650 14300)) (item (800 48) (740 443)))
(group (index 191) (money (650 14500)) (item (800 48) (740 443)))
(group (index 192) (money (10 14700)) (item (10 48) (10 443)))
(group (index 193) (money (650 14900)) (item (800 48) (740 443)))
(group (index 194) (money (600 200300)) (item (803 641) (950 642)))
(group (index 195) (money (600 200600)) (item (803 641) (950 642)))
(group (index 196) (money (600 200900)) (item (803 641) (950 642)))
(group (index 197) (money (600 201200)) (item (803 641) (950 642)))
(group (index 198) (money (600 201500)) (item (803 641) (950 642)))
(group (index 199) (money (600 201800)) (item (803 641) (950 642)))
(group (index 200) (money (600 202100)) (item (803 641) (950 642)))
(group (index 2001) (money (600 202400)) (item (803 642) (900 643)))
(group (index 2002) (money (600 202700)) (item (803 642) (900 643)))
(group (index 2003) (money (600 203000)) (item (803 642) (900 643)))
(group (index 2004) (money (600 202300)) (item (803 642) (900 643)))
(group (index 2005) (money (600 202600)) (item (803 642) (900 643)))
(group (index 2006) (money (600 202900)) (item (803 642) (900 643)))
(group (index 2007) (money (600 203200)) (item (803 642) (900 643)))
(group (index 2008) (money (600 203500)) (item (803 642) (900 643)))
(group (index 2009) (money (600 203800)) (item (803 642) (900 643)))
(group (index 2010) (money (600 204100)) (item (803 643) (900 644)))
(group (index 2011) (money (600 204400)) (item (803 643) (900 644)))
(group (index 2012) (money (600 204700)) (item (803 643) (900 644)))
(group (index 2013) (money (600 204400)) (item (803 643) (900 644)))
(group (index 2014) (money (600 204700)) (item (803 643) (900 644)))
(group (index 2015) (money (600 205000)) (item (803 643) (900 644)))
(group (index 2016) (money (600 205000)) (item (803 643) (900 644)))
(group (index 2017) (money (600 205300)) (item (803 643) (900 644)))
(group (index 2018) (money (600 205600)) (item (803 643) (900 644)))
(group (index 2019) (money (600 205900)) (item (803 644) (900 645)))
(group (index 2020) (money (600 206400)) (item (803 644) (900 645)))
(group (index 2021) (money (600 206900)) (item (803 644) (900 645)))
(group (index 2022) (money (600 208800)) (item (803 644) (900 645)))
(group (index 2023) (money (600 209000)) (item (803 644) (900 645)))
(group (index 2024) (money (600 209200)) (item (803 644) (900 645)))
(group (index 2025) (money (600 209400)) (item (803 644) (900 645)))
(group (index 2026) (money (600 209600)) (item (803 644) (900 645)))
(group (index 2027) (money (600 209800)) (item (803 644) (900 645)))
(group (index 2028) (money (600 209600)) (item (803 645) (900 646)))
(group (index 2029) (money (600 209800)) (item (803 645) (900 646)))
(group (index 2030) (money (600 30000)) (item (803 645) (900 646)))
(group (index 2031) (money (600 30200)) (item (803 645) (900 646)))
(group (index 2032) (money (600 30000)) (item (803 645) (900 646)))
(group (index 2033) (money (600 30200)) (item (803 645) (900 646)))
(group (index 2034) (money (600 30400)) (item (803 645) (900 646)))
(group (index 2035) (money (600 30600)) (item (803 646) (950 647)))
(group (index 2036) (money (600 30800)) (item (803 646) (950 647)))
(group (index 2037) (money (600 31000)) (item (803 646) (950 647)))
(group (index 2038) (money (600 31200)) (item (803 646) (950 647)))
(group (index 2039) (money (600 31400)) (item (803 646) (950 647)))
(group (index 2040) (money (600 31600)) (item (803 646) (950 647)))
(group (index 2041) (money (600 31400)) (item (803 647) (900 648)))
(group (index 2042) (money (600 31600)) (item (803 647) (900 648)))
(group (index 2043) (money (600 31800)) (item (803 647) (900 648)))
(group (index 2044) (money (600 31600)) (item (803 647) (900 648)))
(group (index 2045) (money (600 31800)) (item (803 647) (900 648)))
(group (index 2046) (money (600 32000)) (item (803 647) (900 648)))
(group (index 2048) (money (600 50000)))
(group (index 2047) (money (800 1000000)) (item (800 802 0) (900 803 0) (950 804 0) (950 805 0) (1060 806 0) (1090 807 0)
					(900 808 0) (1050 809 0) (1080 810 0) (1010 811 0) (1040 812 0) (1070 813 0) (1000 431 0)))
(group (index 2049) (money (880 15000000)) (item (1890 814 0) (950 815 0) (1010 816 0) (1020 817 0) (950 818 0) (1040 819 0)
					(950 820 0) (1060 821 0) (1070 822 0) (1080 823 0) (1090 824 0) (1000 825 0)))
(group (index 2050) (money (775 15000000)) (item (1790 715 0) (950 716 0) (1020 717 0) (1035 718 0) (1050 719 0) (1065 720 0)
					(880 721 0) (1095 722 0) (1010 723 0) (1025 724 0) (1040 725 0) (1055 726 0)
					(900 727 0) (1085 728 0) (1000 729 0)))
(group (index 2051) (money (1000 20000000)) (item (900 856 0) (1000 857 0) (1000 858 0) (1000 859 0) (1000 860 0) (1000 861 0)
					(1000 862 0) (1000 863 0) (1000 864 0) (1000 865 0) (1000 866 0) (1000 867 0)))
(group (index 2052) (money (600 2003)))
(group (index 2053) (money (600 2006)))
(group (index 2054) (money (600 2009)))
(group (index 2055) (money (600 2009)))
(group (index 2056) (money (600 2012)))
(group (index 2057) (money (600 2015)))
(group (index 2058) (money (600 2015)))
(group (index 2059) (money (600 2018)))
(group (index 2060) (money (600 2021)))
(group (index 2061) (money (600 2024)))
(group (index 2062) (money (600 2027)))
(group (index 2063) (money (600 2030)))
(group (index 2064) (money (600 2023)))
(group (index 2065) (money (600 2026)))
(group (index 2066) (money (600 2029)))
(group (index 2067) (money (600 2032)))
(group (index 2068) (money (600 2035)))
(group (index 2069) (money (600 2038)))
(group (index 2070) (money (600 2041)))
(group (index 2071) (money (600 2044)))
(group (index 2072) (money (600 2047)))
(group (index 2073) (money (600 2044)))
(group (index 2074) (money (600 2047)))
(group (index 2075) (money (600 2050)))
(group (index 2076) (money (600 2050)))
(group (index 2077) (money (600 2053)))
(group (index 2078) (money (600 2056)))
(group (index 2079) (money (600 2059)))
(group (index 2080) (money (600 2064)))
(group (index 2081) (money (600 2069)))
(group (index 2082) (money (600 2088)))
(group (index 2083) (money (600 2090)))
(group (index 2084) (money (600 2092)))
(group (index 2085) (money (600 2094)))
(group (index 2086) (money (600 2096)))
(group (index 2087) (money (600 2098)))
(group (index 2088) (money (600 2096)))
(group (index 2089) (money (600 2098)))
(group (index 2090) (money (600 3000)))
(group (index 2091) (money (600 3002)))
(group (index 2092) (money (600 3000)))
(group (index 2093) (money (600 3002)))
(group (index 2094) (money (600 3000)))
(group (index 2095) (money (600 3002)))
(group (index 2096) (money (600 3004)))
(group (index 2097) (money (600 3006)))
(group (index 2098) (money (600 3008)))
(group (index 2099) (money (600 3010)))
(group (index 2100) (money (600 3012)))
(group (index 2101) (money (600 3014)))
(group (index 2102) (money (600 3016)))
(group (index 2103) (money (600 3014)))
(group (index 2104) (money (600 3016)))
(group (index 2105) (money (600 3018)))
(group (index 2106) (money (600 3016)))
(group (index 2107) (money (600 3018)))
(group (index 2108) (money (600 3020)))
(group (index 2109) (money (600 15000)))
(group (index 2110) (item (800 276 0) (950 284 0) (950 292 0) (900 300 0) (950 308 0)
				(900 316 0) (950 318 0) (950 282 0) (900 290 0) (950 298 0)
				(900 306 0) (950 314 0) (950 322 0) (900 323 0) (950 324 0)
				(900 325 0) (950 326 0) (950 327 0) (950 328 0) (950 329 0)
				(900 330 0) (950 331 0) (950 332 0) (900 206 0) (1043 207 0)))
(group (index 2111) (item (800 205 0) (950 206 0) (950 207 0) (950 638 0) (1000 428 0) (1020 413 0) (1040 517 0)))
(group (index 2112) (item (800 221 0) (950 220 0)))
(group (index 2113) (item (800 251 0) (950 252 0) (900 253 0) (950 254 0) (950 255 0) (950 256 0) (950 257 0) (950 258 0) 
				(900 259 0) (950 260 0) (950 261 0) (950 262 0) (900 263 0) (950 264 0) (950 265 0)
				(900 242 0) (900 243 0) (950 244 0) (950 440 0) (950 441 0) (950 442 0) (900 245 0)
				(900 246 0) (950 247 0) (1000 248 0) (1004 249 0) (1008 250 0)))
(group (index 2114) (item (800 457 0) (950 458 0) (950 459 0) (950 460 0) (950 461 0) (950 462 0) (900 463 0) 
				(900 464 0) (950 465 0) (950 466 0) (950 467 0) (950 468 0) (950 372 0)
				(900 373 0) (60002 374 0) (950 375 0) (950 376 0) (950 377 0) (950 378 0)
				(900 379 0) (950 380 0) (1004 381 0) (1010 382 0) (1016 383 0) (1022 384 0)
				(128 385 0) (1034 386 0) (1044 431 0)))
(group (index 2115) (item (800 560 0) (950 561 0) (950 562 0) (900 563 0) (950 564 0) (950 565 0) (950 566 0) (950 567 0)
				(900 568 0) (950 569 0) (950 570 0) (950 571 0) (950 621 0) (950 622 0) (900 623 0)
				(900 624 0) (950 625 0) (950 626 0) (950 627 0) (950 628 0) (950 629 0) (950 630 0)
				(900 631 0) (950 632 0) (900 633 0) (950 634 0) (950 635 0) (950 431 0)))
(group (index 2116) (item (800 584 0) (950 585 0) (950 586 0) (950 587 0) (950 588 0) (950 589 0) (950 590 0) (950 591 0)
				(900 592 0) (900 593 0) (950 594 0) (950 595 0) (950 431 0)))
(group (index 2117) (item (800 560 0) (950 561 0) (950 562 0) (900 563 0) (950 564 0) (950 565 0) (950 566 0) (950 567 0)
				(900 568 0) (950 569 0) (950 570 0) (950 571 0) (950 621 0) (950 622 0) (900 623 0)
				(900 624 0) (950 625 0) (950 626 0) (950 627 0) (950 628 0) (950 629 0) (950 630 0)
				(900 631 0) (950 632 0) (900 633 0) (950 634 0) (950 635 0) (950 584 0) (950 585 0)
				(900 586 0) (950 587 0) (950 588 0) (950 589 0) (950 590 0) (950 591 0) (950 592 0)
				(900 593 0) (950 594 0) (950 595 0) (950 431 0)))
(group (index 2118) (item (800 457 0) (950 458 0) (950 459 0) (950 460 0) (950 461 0) (950 462 0) (900 463 0) (950 464 0)
				(900 465 0) (950 466 0) (950 467 0) (950 468 0) (950 431 0)))
(group (index 2119) (money (600 1000000)))
(group (index 2120) (money (600 1000000)) (item (1160 826 0) (950 827 0) (950 828 0) (950 829 0) (950 830 0) (950 831 0)
				(520 832 0) (900 833 0) (950 834 0) (950 835 0) (1060 836 0) (1020 837 0) (1080 838 0)
				(940 839 0) (1000 840 0)))
(group (index 2121) (money (600 1500000)) (item (1160 841 0) (950 842 0) (900 843 0) (950 844 0) (950 845 0) (950 846 0)
				(520 847 0) (950 848 0) (950 849 0) (950 850 0) (1060 851 0) (1020 852 0) (1080 853 0)
				(940 854 0) (1000 855 0)))
(group (index 2122) (money (600 20000000)) (item (1160 673 0) (950 674 0) (950 675 0) (950 676 0) (950 677 0) (950 678 0)
				(520 679 0) (950 680 0) (950 681 0) (950 682 0) (1060 683 0) (1020 684 0) (1080 685 0)
				(940 686 0) (1000 687 0)))
(group (index 2123) (money (600 20000000)) (item (1994 665 0) (1096 666 0) (1098 667 0) (1000 668 0)))
(group (index 2124) (item (800 684 0)))
(group (index 2125) (item (800 760 0)))





;group B
(group (index 201) (money (600 400)) (item (800 1 1) (1000 1 2) (700 90 21) (950 90 22) (900 22 41) (1000 22 42)))
(group (index 202) (money (529 400)) (item (1679 1 1) (925 22 41) (979 90 21) (981 2 1) (983 23 1) (985 91 21)
					(987 2 41) (989 23 41) (991 91 41) (992 6 12) (993 32 12) (994 70 32)
					(995 3 68) (900 24 72) (997 92 76) (998 3 69) (999 24 73) (900 92 77)))
(group (index 203) (money (961 700)) (item (1967 2 1) (973 2 2) (979 91 21) (985 91 22) (991 23 41) (997 23 42)
					(998 3 69) (999 24 73) (900 92 77)))
(group (index 204) (money (965 1000)) (item (800 3 51) (974 3 52) (978 3 53) (982 3 55) (984 92 60) (1086 92 61)
					(988 92 62) (900 92 64) (992 11 11) (994 11 12) (900 75 31)
					(998 3 69) (900 3 70)))
(group (index 205) (money (964 1100)) (item (1969 24 51) (973 24 52) (977 24 53) (981 24 54) (984 92 60) (1086 92 61)
					(988 92 62) (900 92 64) (992 37 11) (994 37 12) (900 75 32)
					(998 24 73) (900 24 74)))
(group (index 206) (money (967 1300)) (item (1977 4 2) (987 93 22) (997 25 42) (998 4 68) (999 25 72) (900 93 76)))
(group (index 207) (money (967 1100)) (item (1975 4 1) (983 93 21) (991 25 41) (994 4 68) (997 25 72) (900 93 76)))
(group (index 208) (money (966 1300)) (item (1973 93 22) (900 93 41) (986 93 23) (992 93 42) (994 93 60) (1096 93 61)
					(997 75 32) (998 75 33) (999 75 34) (900 94 76)))
(group (index 209) (money (966 1500)) (item (1973 4 2) (900 4 11) (986 4 3) (992 4 12) (994 4 51) (950 4 52)
					(997 11 12) (998 11 13) (999 11 14) (900 5 68)))
(group (index 210) (money (966 1500)) (item (1973 25 42) (900 25 1) (986 25 43) (992 25 2) (994 25 51) (950 25 52)
					(997 37 12) (998 37 13) (999 37 14) (900 26 72)))
(group (index 211) (money (981 1700)) (item (1984 94 21) (987 94 31) (989 94 22) (991 94 32) (993 75 65) (994 75 33)
					(995 76 34) (900 80 65) (997 80 33) (998 80 34) (999 94 76) (950 94 77)))
(group (index 212) (money (981 1900)) (item (1984 26 42) (987 26 1) (989 26 43) (991 26 2) (993 37 56) (994 37 14)
					(995 38 14) (900 42 56) (997 42 13) (998 42 14) (999 26 73) (900 26 74)))
(group (index 213) (money (988 2200)) (item (800 5 53) (992 5 54) (993 59 3) (994 59 12) (995 59 13) (900 59 4)
					(997 16 14) (998 16 15) (999 17 15) (900 5 71)))
(group (index 214) (money (988 2500)) (item (800 94 62) (992 94 63) (993 95 23) (994 95 32) (995 95 33) (900 95 24)
					(997 80 34) (998 80 34) (999 81 35) (900 94 79)))
(group (index 215) (money (988 2600)) (item (800 59 4) (992 62 44) (994 95 24)
					(995 59 69) (900 62 73) (997 95 77) (998 59 70) (1099 62 74) (900 95 78)))
(group (index 216) (money (973 2600)) (item (1976 59 4) (979 62 44) (982 95 24) (983 21 3) (984 21 4) (985 96 23)
					(986 96 24) (987 27 43) (988 27 44) (900 59 69) (992 62 73) (994 95 77)
					(900 59 70) (1098 62 74) (900 95 78)))
(group (index 217) (money (973 2700)) (item (1975 21 13) (976 21 4) (977 21 5) (978 21 54) (900 27 3) (981 27 44)
					(982 27 45) (983 27 54) (985 96 33) (986 96 24) (987 96 25) (988 96 63)
					(991 59 71) (994 62 75) (997 95 79) (998 60 68) (999 63 72) (900 97 76)))
(group (index 218) (money (994 2800)) (item (1996 96 25) (997 96 63) (998 97 23) (999 97 77) (900 97 78)))
(group (index 219) (money (991 3000)) (item (1993 27 45) (994 27 54) (995 63 43) (900 54 14) (997 54 15) (998 55 12)
					(999 55 13) (900 63 74)))
(group (index 220) (money (994 3100)) (item (1995 60 3) (920 63 43) (997 97 23) (998 60 71) (999 63 75) (900 97 79)))
(group (index 221) (money (991 3200)) (item (1992 60 4) (993 63 44) (994 97 24) (900 60 71) (998 63 75) (900 97 79)))
(group (index 222) (money (730 5000)) (item (1740 49 16) (950 50 16) (950 51 16) (950 52 16) (950 53 16) (950 54 16)
					(900 55 16) (950 56 16) (950 57 16) (950 58 16) (950 85 36) (832 86 36)
					(833 87 36) (834 88 36) (835 89 36) (950 60 4) (900 60 58) (900 60 59)
					(900 63 44) (885 63 58) (895 63 59) (900 97 24) (915 97 66) (925 97 67)
					(935 61 68) (945 64 72) (900 98 76)))
(group (index 223) (money (981 1900)) (item (1984 5 2) (987 5 11) (989 5 3) (991 5 12) (993 11 57) (994 11 14)
					(995 12 14) (900 16 57) (997 16 13) (998 16 14) (999 5 69) (900 5 70)))
(group (index 224) (money (988 2200)) (item (800 26 53) (992 26 54) (993 62 43) (994 62 2) (995 62 3) (920 62 44)
					(997 42 14) (998 42 15) (999 43 15) (900 26 75)))
(group (index 225) (money (991 3000)) (item (1993 21 5) (994 21 54) (995 60 3) (920 49 14) (997 49 15) (998 50 12)
					(999 50 13) (900 60 70)))
(group (index 226) (money (730 5600)) (item (1740 49 16) (950 50 16) (950 51 16) (950 52 16) (950 53 16) (950 54 16)
					(900 55 16) (950 56 16) (950 57 16) (950 58 16) (950 85 36) (832 86 36)
					(833 87 36) (834 88 36) (835 89 36) (950 60 4) (900 60 58) (900 60 59)
					(900 63 44) (885 63 58) (895 63 59) (900 97 24) (915 97 66) (925 97 67)
					(935 61 68) (945 64 72) (900 98 76)))
(group (index 227) (item (800 98 77) (900 98 78) (900 98 79) (900 220 0)
					(1064 280 0) (950 283 0) (950 288 0) (950 291 0) (950 296 0)
					(1079 299 0) (950 304 0) (950 307 0) (950 312 0) (900 316 0)
					(1094 318 0) (950 319 0) (950 320 0) (950 321 0) (10200 205 0) (950 446 0)))
(group (index 228) (item (800 61 69) (1040 61 70) (950 61 71) (950 220 0)
					(900 280 0) (950 283 0) (950 288 0) (950 291 0) (950 296 0)
					(900 299 0) (950 304 0) (950 307 0) (950 312 0) (900 316 0)
					(1094 318 0) (950 319 0) (950 320 0) (950 321 0) (1020 205 0) (950 446 0)))
(group (index 229) (item (800 64 73) (900 64 74) (900 64 75) (900 220 0)
					(900 280 0) (950 283 0) (950 288 0) (950 291 0) (950 296 0)
					(900 299 0) (950 304 0) (950 307 0) (950 312 0) (900 316 0)
					(900 318 0) (950 319 0) (950 320 0) (1000 321 0) (1020 205 0) (950 446 0)))
(group (index 230) (item (800 99 68) (900 220 0)
					(900 280 0) (950 283 0) (950 288 0) (950 291 0) (950 296 0)
					(900 299 0) (950 304 0) (950 307 0) (950 312 0) (900 316 0)
					(900 318 0) (950 319 0) (950 320 0) (950 321 0) (950 205 0) (1070 446 0)))
(group (index 231) (item (800 105 72) (900 220 0)
					(900 280 0) (950 283 0) (950 288 0) (950 291 0) (950 296 0)
					(900 299 0) (950 304 0) (950 307 0) (950 312 0) (900 316 0)
					(900 318 0) (950 319 0) (950 320 0) (950 321 0) (950 205 0) (1070 446 0)))
(group (index 232) (item (800 111 76) (950 220 0)
					(900 280 0) (950 283 0) (950 288 0) (950 291 0) (950 296 0)
					(900 299 0) (950 304 0) (950 307 0) (950 312 0) (900 316 0)
					(900 318 0) (950 319 0) (950 320 0) (950 321 0) (950 205 0) (1070 446 0)))
(group (index 233) (item (800 99 69) (900 105 73) (900 111 77)
					(900 275 0) (950 281 0) (950 289 0) (950 291 0) (950 297 0)
					(900 299 0) (950 305 0) (950 307 0) (950 313 0) (950 316 0)
					(900 318 0) (950 319 0) (950 320 0) (950 321 0) (1024 206 0)
					(900 207 0) (950 446 0)))
(group (index 234) (item (800 111 78) (900 111 79)
					(900 275 0) (950 281 0) (950 289 0) (950 291 0) (950 297 0)
					(900 299 0) (950 305 0) (950 307 0) (950 313 0) (950 316 0)
					(900 318 0) (950 319 0) (950 320 0) (950 321 0) (950 206 0)
					(900 207 0) (950 446 0)))
(group (index 235) (item (800 105 74) (900 105 75)
					(900 275 0) (950 281 0) (950 289 0) (950 291 0) (950 297 0)
					(900 299 0) (950 305 0) (950 307 0) (950 313 0) (950 316 0)
					(900 318 0) (950 319 0) (950 320 0) (950 321 0) (950 206 0)
					(900 207 0) (950 446 0)))
(group (index 236) (item (800 99 70) (950 99 71)
					(900 275 0) (950 281 0) (950 289 0) (950 291 0) (950 297 0)
					(900 299 0) (950 305 0) (950 307 0) (950 313 0) (950 316 0)
					(900 318 0) (950 319 0) (950 320 0) (950 321 0) (950 206 0)
					(900 207 0) (950 446 0)))
(group (index 237) (item (800 102 68) (900 108 72) (900 114 76) (950 220 0)
					(900 275 0) (950 281 0) (950 289 0) (950 291 0) (950 297 0)
					(900 299 0) (950 305 0) (950 307 0) (950 313 0) (950 316 0)
					(900 318 0) (950 319 0) (950 320 0) (950 321 0) (950 206 0)
					(900 207 0) (950 446 0)))
(group (index 238) (item (800 102 69) (900 102 70) (950 102 71) (950 108 73) (900 108 74) (900 108 75)
					(900 114 77) (900 114 78) (900 114 79) (900 220 0) (1005 221 0)
					(900 275 0) (1011 281 0) (1014 289 0) (1017 291 0) (1020 297 0)
					(900 299 0) (1026 305 0) (1029 307 0) (1032 313 0) (1035 316 0)
					(900 318 0) (1040 319 0) (1042 320 0) (1044 321 0) (1094 206 0)
					(900 207 0) (950 446 0)))
(group (index 239) (item (800 220 0) (950 221 0)
					(900 280 0) (950 283 0) (950 288 0) (950 291 0) (950 296 0)
					(900 299 0) (950 304 0) (950 307 0) (950 312 0) (900 316 0)
					(900 318 0) (950 319 0) (950 320 0) (950 321 0) (1054 446 0)))
(group (index 240) (item (800 127 0) (950 128 0) (950 129 0) (950 130 0) (950 131 0) (950 114 0)
					(900 112 0) (900 113 0) (950 220 0) (950 114 76) (950 114 77)))
(group (index 241) (item (800 122 0) (900 123 0) (950 124 0) (950 125 0) (950 126 0) (950 108 0)
					(900 106 0) (950 107 0) (950 220 0) (950 108 73) (900 108 74)))
(group (index 242) (item (800 117 0) (950 118 0) (950 119 0) (950 120 0) (950 121 0) (950 102 0)
					(900 100 0) (950 101 0) (950 220 0) (950 102 68) (900 102 69)))
(group (index 243) (item (800 117 0) (950 118 0) (950 119 0) (950 120 0) (950 121 0) (950 102 0)
					(900 100 0) (950 101 0) (950 220 0) (950 102 69) (900 102 70)))
(group (index 244) (item (800 122 0) (900 123 0) (950 124 0) (950 125 0) (950 126 0) (950 108 0)
					(900 106 0) (950 107 0) (950 220 0) (950 108 73) (900 108 74)))
(group (index 245) (item (800 127 0) (950 128 0) (950 129 0) (950 130 0) (950 131 0) (950 114 0)
					(900 112 0) (900 113 0) (950 220 0) (950 114 77) (900 114 78)))
(group (index 246) (item (800 102 71) (950 100 0) (950 101 0) (950 108 75) (900 106 0)
					(900 107 0) (950 114 79) (900 112 0) (900 113 0) (950 117 0)
					(900 118 0) (950 119 0) (950 120 0) (950 121 0) (950 122 0)
					(900 123 0) (950 124 0) (950 125 0) (950 126 0) (950 127 0)
					(900 128 0) (950 129 0) (950 130 0) (950 131 0) (950 220 0)))
(group (index 247) (item (800 261 0) (950 262 0) (900 263 0) (950 264 0) (950 265 0)
					(900 114 0) (950 112 0) (900 113 0) (950 220 0)
					(900 112 76) (950 112 77) (900 113 76) (950 113 77)
					(900 127 22) (900 128 22) (900 129 22) (900 130 22) (900 131 22)))
(group (index 248) (item (800 251 0) (950 252 0) (900 253 0) (950 254 0) (950 255 0)
					(900 102 0) (900 100 0) (950 101 0) (950 220 0)
					(900 100 68) (900 100 69) (900 101 68) (900 101 69)
					(900 117 2) (900 118 2) (900 119 2) (900 120 2) (900 121 2) (900 429 0)))
(group (index 249) (item (800 256 0) (950 257 0) (950 258 0) (950 259 0) (950 260 0)
					(900 108 0) (950 106 0) (950 107 0) (950 220 0)
					(900 106 72) (900 106 73) (900 107 72) (900 107 73)
					(900 122 42) (900 123 42) (900 124 42) (900 125 42) (900 126 42)))
(group (index 250) (item (800 108 0) (950 106 0) (950 106 73) (900 107 0) (950 107 73)
					(900 102 0) (900 100 0) (950 100 69) (900 101 0) (950 101 69)
					(900 114 0) (950 112 0) (900 112 77) (900 113 0) (950 113 77)
					(900 256 0) (950 257 0) (950 258 0) (950 259 0) (950 260 0)
					(900 251 0) (950 252 0) (900 253 0) (950 254 0) (950 255 0)
					(900 261 0) (950 262 0) (900 263 0) (950 264 0) (950 265 0) (950 220 0)
					(900 117 2) (900 118 2) (900 119 2) (900 120 2) (900 121 2)
					(900 122 42) (900 123 42) (900 124 42) (900 125 42) (900 126 42)
					(900 127 22) (900 128 22) (900 129 22) (900 130 22) (900 131 22)))
(group (index 251) (item (800 256 0) (950 257 0) (950 258 0) (950 259 0) (950 260 0)
					(900 108 0) (950 106 0) (950 107 0) (950 220 0)
					(900 106 74) (900 106 75) (900 107 74) (900 107 75)
					(900 122 43) (900 123 42) (900 124 42) (900 125 42) (900 126 42)))
(group (index 252) (item (800 251 0) (950 252 0) (900 253 0) (950 254 0) (950 255 0)
					(900 102 0) (900 100 0) (950 101 0) (950 220 0)
					(900 100 70) (950 100 71) (950 101 70) (950 101 71)
					(900 117 3) (920 118 2) (900 119 2) (900 120 2) (900 121 2) (900 430 0)))
(group (index 253) (item (800 261 0) (950 262 0) (900 263 0) (950 264 0) (950 265 0)
					(900 114 0) (950 112 0) (900 113 0) (950 220 0)
					(900 112 78) (900 112 79) (900 113 78) (900 113 79)
					(900 127 23) (900 128 22) (900 129 22) (900 130 22) (900 131 22)))
(group (index 254) (item (800 256 0) (950 257 0) (950 258 0) (950 259 0) (950 260 0)
					(900 109 0) (950 110 0)))
(group (index 255) (item (800 251 0) (950 252 0) (900 253 0) (950 254 0) (950 255 0)
					(900 103 0) (950 104 0) (950 430 0)))
(group (index 256) (item (800 261 0) (950 262 0) (900 263 0) (950 264 0) (950 265 0)
					(900 115 0) (950 116 0)))
(group (index 257) (item (800 256 0) (950 257 0) (950 258 0) (950 259 0) (950 260 0)
					(900 251 0) (950 252 0) (900 253 0) (950 254 0) (950 255 0)
					(900 261 0) (950 262 0) (900 263 0) (950 264 0) (950 265 0)
					(900 109 0) (950 110 0) (950 103 0) (950 104 0) (950 115 0)
					(900 116 0)))
(group (index 258) (item (800 256 0) (950 257 0) (950 258 0) (950 259 0) (950 260 0)
					(900 251 0) (950 252 0) (900 253 0) (950 254 0) (950 255 0)
					(900 261 0) (950 262 0) (900 263 0) (950 264 0) (950 265 0)
					(900 109 0) (950 110 0) (950 109 73) (900 110 73)
					(900 103 0) (950 104 0) (950 103 69) (900 104 69)
					(900 115 0) (950 116 0) (950 115 77) (900 116 77)))
(group (index 259) (item (800 251 0) (950 252 0) (900 253 0) (950 254 0) (950 255 0)
					(900 103 69) (900 104 69) (900 103 0) (950 104 0) (950 242 0) (900 440 0) (950 430 0)))
(group (index 260) (item (800 251 0) (950 252 0) (900 253 0) (950 254 0) (950 255 0)
					(900 103 70) (950 104 70) (950 103 0) (950 104 0) (950 242 0) (900 440 0) (950 430 0)))
(group (index 261) (item (800 251 0) (950 252 0) (900 253 0) (950 254 0) (950 255 0)
					(900 103 70) (950 104 70) (950 103 71) (950 104 71)
					(900 103 0) (950 104 0) (950 242 0) (900 440 0) (950 430 0)))
(group (index 262) (item (800 251 0) (950 252 0) (900 253 0) (950 254 0) (950 255 0)
					(900 103 71) (950 104 71) (950 103 0) (950 104 0) (950 242 0) (900 440 0) (950 430 0)))
(group (index 263) (item (800 256 0) (950 257 0) (950 258 0) (950 259 0) (950 260 0)
					(900 109 73) (900 110 73) (900 109 0) (950 110 0) (950 245 0)))
(group (index 264) (item (800 256 0) (950 257 0) (950 258 0) (950 259 0) (950 260 0)
					(900 109 74) (900 110 74) (900 109 0) (950 110 0) (950 245 0)))
(group (index 265) (item (800 256 0) (950 257 0) (950 258 0) (950 259 0) (950 260 0)
					(900 109 74) (900 110 74) (900 109 75) (900 110 75)
					(900 109 0) (950 110 0) (950 245 0)))
(group (index 266) (item (800 256 0) (950 257 0) (950 258 0) (950 259 0) (950 260 0)
					(900 109 75) (900 110 75) (900 109 0) (950 110 0) (950 245 0)))
(group (index 267) (item (800 261 0) (950 262 0) (900 263 0) (950 264 0) (950 265 0)
					(900 115 77) (900 116 77) (900 115 0) (950 116 0) (950 248 0)))
(group (index 268) (item (800 261 0) (950 262 0) (900 263 0) (950 264 0) (950 265 0)
					(900 115 78) (900 116 78) (900 115 0) (950 116 0) (950 248 0)))
(group (index 269) (item (800 261 0) (950 262 0) (900 263 0) (950 264 0) (950 265 0)
					(900 115 78) (900 116 78) (900 115 79) (900 116 79)
					(900 115 0) (950 116 0) (950 248 0)))
(group (index 270) (item (800 261 0) (950 262 0) (900 263 0) (950 264 0) (950 265 0)
					(900 115 79) (900 116 79) (900 115 0) (950 116 0) (950 248 0)))
(group (index 271) (item (800 251 0) (950 252 0) (900 253 0) (950 254 0) (950 255 0)
					(900 256 0) (950 257 0) (950 258 0) (950 259 0) (950 260 0)
					(900 261 0) (950 262 0) (900 263 0) (950 264 0) (950 265 0)
					(900 103 69) (900 104 69) (900 109 73) (900 110 73) (900 115 77) (900 116 77)
					(900 103 0) (950 104 0) (950 109 0) (950 110 0) (950 115 0) (950 116 0)
					(900 242 0) (900 440 0) (950 245 0) (950 248 0)))
(group (index 272) (item (800 251 0) (950 252 0) (900 253 0) (950 254 0) (950 255 0)
					(900 256 0) (950 257 0) (950 258 0) (950 259 0) (950 260 0)
					(900 261 0) (950 262 0) (900 263 0) (950 264 0) (950 265 0)
					(900 103 70) (950 104 70) (950 109 74) (900 110 74) (900 115 78) (900 116 78)
					(900 103 0) (950 104 0) (950 109 0) (950 110 0) (950 115 0) (950 116 0)
					(900 242 0) (900 440 0) (950 245 0) (950 248 0)))
(group (index 273) (item (800 251 0) (950 252 0) (900 253 0) (950 254 0) (950 255 0)
					(900 256 0) (950 257 0) (950 258 0) (950 259 0) (950 260 0)
					(900 261 0) (950 262 0) (900 263 0) (950 264 0) (950 265 0)
					(900 103 70) (950 104 70) (950 103 71) (950 104 71)
					(900 109 74) (900 110 74) (900 109 75) (900 110 75)
					(900 115 78) (900 116 78) (900 115 79) (900 116 79)
					(900 103 0) (950 104 0) (950 109 0) (950 110 0) (950 115 0) (950 116 0)
					(900 242 0) (900 440 0) (950 245 0) (950 248 0)))
(group (index 274) (item (800 251 0) (950 252 0) (900 253 0) (950 254 0) (950 255 0)
					(900 256 0) (950 257 0) (950 258 0) (950 259 0) (950 260 0)
					(900 261 0) (950 262 0) (900 263 0) (950 264 0) (950 265 0)
					(900 103 71) (950 104 71) (950 109 75) (900 110 75) (900 115 79) (900 116 79)
					(900 103 0) (950 104 0) (950 109 0) (950 110 0) (950 115 0) (950 116 0)
					(900 242 0) (900 440 0) (950 245 0) (950 248 0)))
(group (index 275) (item (800 256 0) (950 257 0) (950 258 0) (950 259 0)
					(900 260 0) (950 377 0) (950 378 0) (950 379 0)
					(900 380 0) (950 381 0) (1015 109 0) (950 110 0)
					(900 109 75) (900 110 75) (900 245 0) (950 246 0) (950 247 0)))
(group (index 276) (item (800 251) (950 252 0) (900 253 0) (950 254 0)
					(900 255 0) (950 372 0) (900 373 0) (950 374 0)
					(900 375 0) (950 376 0) (1015 103 0) (950 104 0)
					(900 103 71) (950 104 71) (950 242 0) (900 243 0) (950 244 0)))
(group (index 277) (item (800 261 0) (950 262 0) (900 263 0) (950 264 0)
					(900 265 0) (950 382 0) (900 383 0) (950 384 0)
					(900 385 0) (950 386 0) (1015 115 0) (950 116 0)
					(900 115 79) (900 116 79) (900 248 0) (950 249 0) (950 250 0)))
(group (index 278) (item (800 251 0) (950 252 0) (900 253 0) (950 254 0)
					(900 255 0) (950 372 0) (900 373 0) (950 374 0)
					(900 375 0) (950 376 0) (1015 103 0) (950 104 0)
					(900 103 71) (950 104 71) (950 440 0) (950 441 0) (950 442 0)))
(group (index 279) (item (1120 251 0) (950 252 0) (900 253 0) (950 254 0)
					(900 255 0) (950 372 0) (900 373 0) (950 374 0)
					(900 375 0) (950 376 0) (1050 103 0) (950 104 0)
					(900 103 71) (950 104 71) (950 242 0) (900 243 0) (950 244 0)))
(group (index 280) (item (1120 251 0) (950 252 0) (900 253 0) (950 254 0)
					(900 255 0) (950 372 0) (900 373 0) (950 374 0)
					(900 375 0) (950 376 0) (1050 103 0) (950 104 0)
					(900 103 71) (950 104 71) (950 440 0) (950 441 0) (950 442 0)))
(group (index 281) (item (1120 256 0) (950 257 0) (950 258 0) (950 259 0)
					(900 260 0) (950 377 0) (950 378 0) (950 379 0)
					(900 380 0) (950 381 0) (1045 109 0) (950 110 0)
					(900 109 75) (900 110 75) (900 245 0) (950 246 0) (950 247 0)))
(group (index 282) (item (1120 261 0) (950 262 0) (900 263 0) (950 264 0)
					(900 265 0) (950 382 0) (900 383 0) (950 384 0)
					(900 385 0) (950 386 0) (1045 115 0) (950 116 0)
					(900 115 79) (900 116 79) (900 248 0) (950 249 0) (950 250 0)))
(group (index 283) (item (800  251 0) (950 252 0) (900 253 0) (950 254 0)
					(900 255 0) (950 372 0) (900 373 0) (950 374 0)
					(900 375 0) (950 376 0) (1060 103 0) (950 104 0)
					(900 103 71) (950 104 71) (950 242 0) (900 243 0) (950 244 0)))
(group (index 284) (item (800  251 0) (950 252 0) (900 253 0) (950 254 0)
					(900 255 0) (950 372 0) (900 373 0) (950 374 0)
					(900 375 0) (950 376 0) (1060 103 0) (950 104 0)
					(900 103 71) (950 104 71) (950 440 0) (950 441 0) (950 442 0)))
(group (index 285) (item (800  256 0) (950 257 0) (950 258 0) (950 259 0)
					(900 260 0) (950 377 0) (950 378 0) (950 379 0)
					(900 380 0) (950 381 0) (1055 109 0) (950 110 0)
					(900 109 75) (900 110 75) (900 245 0) (950 246 0) (950 247 0)))
(group (index 286) (item (800  261 0) (950 262 0) (900 263 0) (950 264 0)
					(900 265 0) (950 382 0) (900 383 0) (950 384 0)
					(900 385 0) (950 386 0) (1055 115 0) (950 116 0)
					(900 115 79) (900 116 79) (900 248 0) (950 249 0) (950 250 0)))
(group (index 287) (item (1160 251 0) (950 252 0) (900 253 0) (950 254 0)
					(900 255 0) (950 372 0) (900 373 0) (950 374 0)
					(900 375 0) (1010 376 0) (1080 103 0) (950 104 0)
					(900 103 71) (950 104 71) (950 440 0) (950 441 0)
					(900 442 0) (900 242 0) (900 243 0) (950 244 0)))
(group (index 288) (item (1160 256 0) (950 257 0) (950 258 0) (950 259 0)
					(900 260 0) (950 377 0) (950 378 0) (950 379 0)
					(900 380 0) (1000 381 0) (1070 109 0) (950 110 0)
					(900 109 75) (900 110 75) (900 245 0) (950 246 0) (950 247 0)))
(group (index 289) (item (1160 261 0) (950 262 0) (900 263 0) (950 264 0)
					(900 265 0) (950 382 0) (900 383 0) (950 384 0)
					(900 385 0) (1000 386 0) (1070 115 0) (950 116 0)
					(900 115 79) (900 116 79) (900 248 0) (950 249 0) (950 250 0)))
(group (index 290) (item (800 372 0) (900 373 0) (950 374 0) (950 375 0) (950 376 0)
					(900 377 0) (950 378 0) (950 379 0) (950 380 0) (950 381 0)
					(900 382 0) (900 383 0) (950 384 0) (950 385 0) (950 386 0)
					(900 440 0) (950 441 0) (950 442 0) (900 242 0) (900 243 0)
					(900 244 0) (950 245 0) (60005 246 0) (950 247 0) (950 248 0)
					(900 249 0) (950 250 0) (950 457 0) (950 460 0) (950 463 0) (950 466 0)))
(group (index 291) (item (800 372 0) (900 373 0) (950 374 0) (950 375 0) (950 376 0)
					(900 377 0) (950 378 0) (950 379 0) (950 380 0) (60005 381 0)
					(900 382 0) (900 383 0) (950 384 0) (950 385 0) (950 386 0)
					(900 440 0) (950 441 0) (950 442 0) (900 242 0) (1000 243 0)
					(900 244 0) (1006 245 0) (1010 246 0) (1014 247 0) (1018 248 0)
					(122 249 0) (1026 250 0) (1028 457 0) (950 460 0) (1032 463 0) (1034 466 0)))
(group (index 292) (item (800 251 0) (950 252 0) (900 253 0) (950 254 0) (950 255 0)
					(900 261 0) (950 262 0) (900 263 0) (950 264 0) (950 265 0)
					(900 103 0) (950 104 0) (950 103 69) (900 104 69)
					(900 115 0) (950 116 0) (950 115 77) (900 116 77)))
(group (index 293) (item (800 256 0) (950 257 0) (950 258 0) (950 259 0) (950 260 0)
					(900 261 0) (950 262 0) (900 263 0) (950 264 0) (950 265 0)
					(900 109 0) (950 110 0) (950 109 73) (900 110 73)
					(900 115 0) (950 116 0) (950 115 77) (900 116 77)))

(group (index 294) (item (80 256 0) (95 257 0) (95 258 0) (95 259 0) (95 260 0)
					(90 109 73) (90 110 73) (90 109 0) (95 110 0) (950 245 0)))

(group (index 295) (item (80 256 0) (95 257 0) (95 258 0) (95 259 0) (95 260 0)
					(90 109 74) (90 110 74) (90 109 75) (90 110 75)
					(90 109 0) (95 110 0) (950 245 0)))
(group (index 296) (item (80 256 0) (950 257 0) (950 258 0) (950 259 0) (950 260 0)
					(900 377 0) (950 378 0) (950 379 0) (950 380 0) (950 381 0)
					(900 109 0) (950 110 0) (950 109 75) (900 110 75)
					(900 245 0) (950 246 0) (950 247 0)))
(group (index 297) (item (112 256 0) (95 257 0) (95 258 0) (95 259 0) (95 260 0)
					(900 377 0) (950 378 0) (950 379 0) (950 380 0) (950 381 0)
					(900 109 0) (950 110 0) (950 109 75) (900 110 75)
					(900 245 0) (950 246 0) (950 247 0)))
(group (index 298) (item (800 251 0) (950 252 0) (900 253 0) (950 254 0) (950 255 0)
					(900 103 69) (900 104 69) (900 103 0) (950 104 0) (950 242 0)))
(group (index 299) (item (800 251 0) (950 252 0) (900 253 0) (950 254 0) (950 255 0)
					(900 103 70) (950 104 70) (950 103 71) (950 104 71)
					(900 103 0) (950 104 0) (950 242 0)))
(group (index 701) (item (800 251 0) (950 252 0) (900 253 0) (950 254 0) (950 255 0)
					(900 372 0) (900 373 0) (950 374 0) (950 375 0) (950 376 0)
					(900 103 0) (950 104 0) (950 103 71) (950 104 71)
					(900 242 0) (900 243 0) (950 244 0)))
(group (index 702) (item (1120 251 0) (950 252 0) (900 253 0) (950 254 0) (950 255 0)
					(900 372 0) (900 373 0) (950 374 0) (950 375 0) (950 376 0)
					(900 103 0) (950 104 0) (950 103 71) (950 104 71)
					(900 242 0) (900 243 0) (950 244 0)))
(group (index 703) (item (80 251 0) (950 252 0) (900 253 0) (950 254 0) (950 255 0)
					(900 103 69) (900 104 69) (900 103 0) (950 104 0) (950 440 0)))
(group (index 704) (item (80 251 0) (950 252 0) (900 253 0) (950 254 0) (950 255 0)
					(900 103 70) (950 104 70) (950 103 71) (950 104 71)
					(900 103 0) (950 104 0) (950 440 0)))

(group (index 705) (item (80 251 0) (95 252 0) (90 253 0) (95 254 0) (95 255 0)
					(900 372 0) (900 373 0) (950 374 0) (950 375 0) (950 376 0)
					(900 103 0) (255 104 0) (950 103 71) (950 104 71)
					(900 440 0) (950 441 0) (950 442 0)))
(group (index 706) (item (112 251 0) (95 252 0) (90 253 0) (95 254 0) (95 255 0)
					(900 372 0) (900 373 0) (950 374 0) (950 375 0) (950 376 0)
					(900 103 0) (950 104 0) (950 103 71) (950 104 71)
					(900 440 0) (950 441 0) (950 442 0)))
(group (index 707) (item (800 261 0) (950 262 0) (900 263 0) (950 264 0) (950 265 0)
					(900 115 77) (900 116 77) (900 115 0) (950 116 0) (950 248 0)))
(group (index 708) (item (800 261 0) (950 262 0) (900 263 0) (950 264 0) (950 265 0)
					(900 115 78) (900 116 78) (900 115 79) (900 116 79)
					(900 115 0) (950 116 0) (950 248 0)))
(group (index 709) (item (800 261 0) (95 262 0) (90 263 0) (95 264 0) (95 265 0)
					(90 382 0) (900 383 0) (950 384 0) (950 385 0) (950 386 0)
					(900 115 0) (255 116 0) (950 115 79) (900 116 79)
					(900 248 0) (950 249 0) (950 250 0)))
(group (index 710) (item (1120 261 0) (95 262 0) (90 263 0) (95 264 0) (95 265 0)
					(90 382 0) (900 383 0) (950 384 0) (950 385 0) (950 386 0)
					(900 115 0) (950 116 0) (950 115 79) (900 116 79)
					(900 248 0) (950 249 0) (950 250 0)))
(group (index 711) (item (800 261 0) (950 262 0) (900 263 0) (950 264 0) (950 265 0)
					(900 256 0) (950 257 0) (950 258 0) (950 259 0) (950 260 0)
					(900 382 0) (900 383 0) (950 384 0) (950 385 0) (950 386 0)
					(900 377 0) (950 378 0) (950 379 0) (950 380 0) (950 381 0)
					(900 115 0) (1059 116 0) (950 109 0) (950 110 0)
					(900 115 79) (900 116 79) (900 109 75) (900 110 75)
					(900 248 0) (950 249 0) (950 250 0) (950 245 0) (950 246 0) (950 247 0)))
(group (index 712) (item (800 261 0) (950 262 0) (900 263 0) (950 264 0) (950 265 0)
					(900 251 0) (950 252 0) (900 253 0) (950 254 0) (950 255 0)
					(900 382 0) (900 383 0) (950 384 0) (950 385 0) (950 386 0)
					(900 372 0) (900 373 0) (950 374 0) (950 375 0) (950 376 0)
					(900 115 0) (1049 116 0) (1095 103 0) (950 104 0)
					(900 115 79) (900 116 79) (900 103 71) (950 104 71)
					(900 248 0) (950 249 0) (950 250 0) (950 242 0) (900 243 0) (950 244 0)
					(900 440 0) (950 441 0) (950 442 0)))
(group (index 713) (item (80 256 0) (95 257 0) (95 258 0) (95 259 0) (95 260 0)
					(90 251 0) (95 252 0) (90 253 0) (95 254 0) (95 255 0)
					(900 377 0) (910 378 0) (920 379 0) (930 380 0) (940 381 0)
					(900 372 0) (910 373 0) (920 374 0) (930 375 0) (940 376 0)
					(90 109 0) (150 110 0) (197 103 0) (95 104 0)
					(90 109 75) (90 110 75) (90 103 71) (90 104 71)
					(190 245 0) (195 246 0) (195 247 0)
					(190 242 0) (190 243 0) (195 244 0) (195 440 0) (195 441 0) (195 442 0)))
(group (index 714) (item (80 256 0) (95 257 0) (95 258 0) (95 259 0) (95 260 0)
					(90 261 0) (95 262 0) (90 263 0) (95 264 0) (95 265 0)
					(900 377 0) (910 378 0) (920 379 0) (930 380 0) (940 381 0)
					(900 382 0) (910 383 0) (920 384 0) (930 385 0) (940 386 0)
					(90 109 0) (105 110 0) (109 115 0) (95 116 0)
					(90 109 75) (90 110 75) (90 115 79) (90 116 79)
					(190 245 0) (190 246 0) (190 247 0)
					(190 248 0) (190 249 0) (190 250 0)))
(group (index 715) (item (80 251 0) (95 252 0) (90 253 0) (95 254 0) (95 255 0)
					(90 261 0) (95 262 0) (90 263 0) (95 264 0) (95 265 0)
					(600 372 0) (700 373 0) (800 374 0) (900 375 0) (1000 376 0)
					(600 382 0) (700 383 0) (800 384 0) (900 385 0) (1000 386 0)
					(90 103 0) (106 104 0) (95 115 0) (95 116 0)
					(900 103 71) (950 104 71) (950 115 79) (900 116 79)
					(900 440 0) (950 441 0) (900 442 0) (900 242 0) (900 243 0) (950 244 0)
					(900 248 0) (950 249 0) (950 250 0)))
(group (index 716) (item (800 251 0) (950 252 0) (900 253 0) (950 254 0) (950 255 0)
					(900 256 0) (950 257 0) (950 258 0) (950 259 0) (950 260 0)
					(900 372 0) (900 373 0) (950 374 0) (950 375 0) (950 376 0)
					(900 377 0) (950 378 0) (950 379 0) (950 380 0) (1000 381 0)
					(900 103 0) (1068 104 0) (950 109 0) (950 110 0)
					(900 103 71) (950 104 71) (950 109 75) (900 110 75)
					(900 440 0) (950 441 0) (383 442 0) (900 242 0) (900 243 0) (950 244 0)
					(900 245 0) (950 246 0) (950 247 0)))
(group (index 717) (item (800 256 0) (950 257 0) (950 258 0) (950 259 0) (950 260 0)
					(900 261 0) (950 262 0) (900 263 0) (950 264 0) (950 265 0)
					(900 377 0) (950 378 0) (950 379 0) (950 380 0) (950 381 0)
					(900 382 0) (900 383 0) (950 384 0) (950 385 0) (1000 386 0)
					(900 109 0) (1068 110 0) (950 115 0) (950 116 0)
					(900 109 75) (900 110 75) (900 115 79) (900 116 79)
					(900 245 0) (950 246 0) (950 247 0)
					(900 248 0) (950 249 0) (950 250 0)))
(group (index 718) (item (800 256 0) (950 257 0) (950 258 0) (950 259 0) (950 260 0)
					(900 251 0) (950 252 0) (900 253 0) (950 254 0) (950 255 0)
					(900 377 0) (950 378 0) (950 379 0) (950 380 0) (950 381 0)
					(900 372 0) (1007 373 0) (1013 374 0) (1019 375 0) (1025 376 0)
					(900 109 0) (1093 110 0) (950 103 0) (950 104 0)
					(900 109 75) (900 110 75) (900 103 71) (950 104 71)
					(900 245 0) (950 246 0) (950 247 0)
					(900 242 0) (900 243 0) (950 244 0) (950 440 0) (950 441 0) (950 442 0)))
(group (index 719) (item (1160 382 0) (900 383 0) (950 384 0) (950 385 0) (950 386 0)))
(group (index 720) (item (1160 372 0) (900 373 0) (950 374 0) (950 375 0) (950 376 0)))
(group (index 721) (item (1160 377 0) (950 378 0) (950 379 0) (950 380 0) (950 381 0)))
(group (index 722) (item (800 242 0) (900 243 0) (950 244 0) (950 245 0) (1000 246 0) (1020 247 0)
					(900 248 0) (1060 249 0) (1080 250 0) (950 440 0) (950 441 0) (950 442 0)
					(900 457 0) (950 458 0) (950 459 0) (950 460 0) (950 461 0) (950 462 0)
					(900 463 0) (950 464 0) (950 465 0) (950 466 0) (950 467 0) (950 468 0)))
(group (index 723) (item (800 242 0) (900 243 0) (950 244 0) (1000 245 0) (1025 246 0) (1050 247 0)
					(900 248 0) (950 249 0) (225 250 0) (950 440 0) (950 441 0) (950 442 0)
					(900 457 0) (950 458 0) (375 459 0) (950 460 0) (950 461 0) (950 462 0)
					(900 463 0) (950 464 0) (950 465 0) (950 466 0) (500075 467 0) (950 468 0)))
(group (index 724) (item (800 581 0) (950 582 0) (900 583 0) (950 114 0) (950 115 0) (950 116 0)
					(900 220 0) (950 115 77) (900 116 77) (900 115 78) (900 116 78)
					(900 261) (950 262) (900 263) (900 264) (900 265)))
(group (index 725) (item (800 572 0) (900 573 0) (950 574 0) (950 102 0) (900 103 0) (950 104 0)
					(900 220 0) (950 103 69) (900 104 69) (900 103 70) (950 104 70)
					(900 251 0) (950 252 0) (900 253 0) (950 254 0) (950 255 0) (950 429 0)))
(group (index 726) (item (800 578 0) (950 579 0) (950 580 0) (950 108 0) (950 109 0) (950 110 0)
					(900 220 0) (950 109 73) (900 110 73) (900 109 74) (900 110 74)
					(900 256 0) (950 257 0) (950 258 0) (950 259 0) (950 260 0)))
(group (index 727) (item (800 108 0) (950 109 73) (900 110 73) (900 109 74) (900 110 74)
					(900 102 0) (900 103 69) (900 104 69) (900 103 70) (950 104 70)
					(900 114 0) (950 115 77) (900 116 77) (900 115 78) (900 116 78)
					(900 578 0) (950 579 0) (950 580 0) (950 572 0) (900 573 0)
					(900 574 0) (950 581 0) (950 582 0) (900 583 0) (950 220 0)
					(900 256 0) (950 257 0) (950 258 0) (950 259 0) (950 260 0)
					(900 251 0) (950 252 0) (900 253 0) (950 254 0) (950 255 0)
					(900 261 0) (950 262 0) (900 263 0) (950 264 0) (950 265 0)))
(group (index 728) (item (800 578 0) (950 579 0) (950 580 0) (950 108 0) (950 109 0) (950 110 0)
					(900 220 0) (950 109 74) (900 110 74) (900 109 75) (900 110 75)
					(900 256 0) (950 257 0) (950 258 0) (950 259 0) (950 260 0)))
(group (index 729) (item (800 572 0) (900 573 0) (950 574 0) (950 102 0) (900 103 0) (950 104 0)
					(900 220 0) (950 103 70) (950 104 70) (950 103 71) (950 104 71)
					(900 251 0) (950 252 0) (900 253 0) (950 254 0) (950 255 0) (950 430 0)))
(group (index 730) (item (80 581 0) (95 582 0) (90 583 0) (95 114 0) (95 115 0) (95 116 0)
					(900 220 0) (950 115 78) (900 116 78) (900 115 79) (900 116 79)
					(900 261 0) (950 262 0) (900 263 0) (950 264 0) (950 265 0)))
(group (index 731) (item (800 242 0) (900 243 0) (950 244 0) (950 440 0) (950 441 0) (950 442 0)))
(group (index 732) (item (800 245 0) (950 246 0) (950 247 0)))
(group (index 733) (item (800 248 0) (950 249 0) (950 250 0)))
(group (index 734) (item (800 372 0) (900 373 0) (950 374 0) (950 375 0) (950 376 0) (950 431 0)))
(group (index 735) (item (800 377 0) (950 378 0) (950 379 0) (950 380 0) (950 381 0) (950 431 0)))
(group (index 736) (item (800 382 0) (900 383 0) (950 384 0) (950 385 0) (950 386 0) (950 431 0)))
(group (index 737) (item (800 466 0) (950 467 0) (950 468 0) (950 382 0) (900 383 0) (950 384 0) (950 385 0) (950 386 0) (950 431 0)))
(group (index 738) (item (800 463 0) (950 464 0) (950 465 0) (950 377 0) (950 378 0) (950 379 0) (950 380 0) (950 381 0) (950 431 0)))
(group (index 739) (item (800 457 0) (950 458 0) (950 459 0) (950 460 0) (950 461 0) (950 462 0) (900 372 0) (900 373 0) 
					(900 374 0) (950 375 0) (950 376 0) (950 431 0)))


;group C
(group (index 301) (money (840 3100)) (item (1880 48 0) (1000 48 0)))
(group (index 302) (money (840 3400)) (item (1880 48 0) (1000 48 0)))
(group (index 303) (money (840 3700)) (item (1880 48 0) (1000 48 0)))
(group (index 304) (money (840 4000)) (item (1880 48 0) (1000 48 0)))
(group (index 305) (money (840 4300)) (item (1880 48 0) (1000 48 0)))
(group (index 306) (money (840 4600)) (item (1880 48 0) (1000 48 0)))
(group (index 307) (money (840 4900)) (item (1880 48 0) (1000 48 0)))
(group (index 308) (money (840 4700)) (item (1880 48 0) (1000 48 0)))
(group (index 309) (money (840 4800)) (item (1880 48 0) (1000 48 0)))
(group (index 310) (money (840 5100)) (item (1880 48 0) (1000 48 0)))
(group (index 311) (money (840 5400)) (item (1880 48 0) (1000 48 0)))
(group (index 312) (money (840 5800)) (item (1880 48 0) (1000 48 0)))
(group (index 313) (money (840 9100)) (item (1880 48 0) (1000 48 0)))
(group (index 314) (item (800 276 0) (950 281 0) (950 284 0) (950 289 0) (950 292 0)
				(900 297 0) (950 300 0) (950 305 0) (950 308 0) (950 313 0)
				(900 316 0) (950 318 0) (950 322 0) (900 323 0) (950 324 0)
				(900 325 0) (950 326 0) (950 206 0) (1041 207 0) (241 446 0)))
(group (index 315) (item (800 276 0) (950 284 0) (950 292 0) (900 300 0) (950 308 0)
				(900 316 0) (950 318 0) (950 282 0) (900 290 0) (950 298 0)
				(900 306 0) (950 314 0) (950 322 0) (900 323 0) (950 324 0)
				(1900 325 0) (950 326 0) (950 327 0) (950 328 0) (950 329 0)
				(900 330 0) (950 331 0) (950 206 0) (1046 207 0) (1095 446 0)))

(group (index 316) (item (800 315 0) (950 317 0) (950 205 0) (1010 446 0)))
(group (index 317) (item (800 302 0) (900 310 0) (950 315 0) (950 317 0)
				(900 319 0) (950 320 0) (950 321 0) (950 205 0) (1009 446 0)))
(group (index 318) (item (800 275 0) (950 278 0) (950 279 0) (950 283 0) (950 286 0)
				(900 287 0) (950 291 0) (950 294 0) (950 295 0) (950 299 0)
				(900 302 0) (900 303 0) (950 307 0) (950 310 0) (950 311 0)
				(900 315 0) (950 317 0) (950 319 0) (950 320 0) (950 321 0)
				(900 205 0) (1060 446 0)))
(group (index 319) (item (800 276 0) (950 284 0) (950 292 0) (900 300 0) (950 308 0)
				(900 316 0) (950 318 0) (950 282 0) (900 290 0) (950 298 0)
				(900 306 0) (950 314 0) (950 322 0) (900 323 0) (950 324 0)
				(900 325 0) (950 326 0) (950 327 0) (950 328 0) (950 329 0)
				(900 330 0) (950 331 0) (950 332 0) (900 206 0) (1047 207 0) (950 446 0)))
(group (index 320) (item (800 276 0) (950 284 0) (950 292 0) (900 300 0) (950 308 0)
				(900 316 0) (950 318 0) (950 282 0) (900 290 0) (950 298 0)
				(900 306 0) (950 314 0) (950 322 0) (900 323 0) (950 324 0)
				(900 325 0) (950 326 0) (950 327 0) (950 328 0) (950 329 0)
				(900 330 0) (950 331 0) (950 332 0) (900 206 0) (1043 207 0) (223 446 0)))
(group (index 321) (item (800 276 0) (950 284 0) (950 292 0) (900 300 0) (950 308 0)
				(900 316 0) (950 318 0) (950 282 0) (900 290 0) (950 298 0)
				(900 306 0) (950 314 0) (950 322 0) (900 323 0) (950 324 0)
				(900 325 0) (950 326 0) (950 327 0) (950 328 0) (950 329 0)
				(900 330 0) (950 331 0) (950 332 0) (1027 446 0)))


(group (index 322) (item (80 276 0) (80 277 0) (81 284 0) (82 285 0) (83 292 0)
				(84 293 0) (85 300 0) (86 301 0) (87 308 0) (88 309 0)
				(89 316 0) (90 318 0) (91 282 0) (92 290 0) (93 298 0)
				(94 306 0) (95 314 0) (1000 322 0) (1000 323 0) (1000 324 0)
				(1000 325 0) (1000 326 0) (1000 327 0) (1000 328 0) (800 329 0)
				(1000 330 0) (1000 331 0) (1000 523 0) (1000 446 0)))

;group D
(group (index 401) (item (800 333 0)))
(group (index 402) (money (600 16000)) (item (1993 47 0) (1095 93 0) (1096 75 0) (1097 76 0) (1098 77 0) (1099 78 0) (1000 79 0)))
(group (index 403) (money (600 17000)) (item (1855 25 0) (1056 37 0) (1057 38 0) (1058 39 0) (1059 40 0) (1060 41 0) (1000 47 0)))
(group (index 404) (money (600 18000)) (item (1855 4 0) (1056 11 0) (1057 12 0) (1058 13 0) (1059 14 0) (1060 15 0) (1000 47 0)))
(group (index 405) (money (600 20100)) (item (1850 5 0) (1090 47 0) (1092 11 0) (1094 12 0) (1096 13 0) (1098 14 0) (1000 15 0)))
(group (index 406) (money (600 20100)) (item (1850 26 0) (1090 47 0) (1092 37 0) (1094 38 0) (1096 39 0) (1098 40 0) (1000 41 0)))
(group (index 407) (money (600 20300)) (item (1850 94 0) (1050 47 0) (1090 48 0) (1092 75 0) (1094 76 0) 
					(900 77 0) (1098 78 0) (1000 79 0)))
(group (index 408) (money (600 20500)) (item (1974 47 0) (1094 48 0) (1096 5 0) (1098 26 0) (1000 94 0)))
(group (index 409) (money (600 20500)) (item (1961 47 0) (1091 48 0) (1092 59 0) (1093 62 0) (1094 95 0)
					(995 16 0) (1096 17 0) (1097 42 0) (1098 43 0) (1099 80 0) (1000 81 0)))
(group (index 410) (money (600 20600)) (item (1974 47 0) (1094 48 0) (1096 59 0) (1098 62 0) (1000 95 0)))
(group (index 411) (money (600 20700)) (item (1845 96 0) (1046 80 0) (1047 81 0) (1048 82 0)
					(900 83 0) (1050 84 0) (1080 47 0) (1000 48 0)))
(group (index 412) (money (600 20800)) (item (1845 27 0) (1046 42 0) (1047 43 0) (1048 44 0)
					(900 45 0) (1050 46 0) (1080 47 0) (1000 48 0)))
(group (index 413) (money (600 20900)) (item (1845 21 0) (1046 16 0) (1047 17 0) (1048 18 0)
					(900 19 0) (1050 20 0) (1080 47 0) (1000 48 0)))
(group (index 414) (money (600 20900)) (item (1984 47 0) (1094 48 0) (1096 21 0) (1098 27 0) (950 96 0)))
(group (index 415) (money (600 31000)) (item (1987 47 0) (1097 48 0)))
(group (index 416) (money (600 33000)) (item (1850 48 0)))
(group (index 417) (money (600 36000)) (item (1850 48 0)))
(group (index 418) (money (600 39000)) (item (1850 48 0)))
(group (index 419) (money (600 42000)) (item (1850 48 0)))
(group (index 420) (money (600 45000)) (item (1850 48 0)))
(group (index 421) (money (600 48000)) (item (1850 48 0)))
(group (index 422) (money (600 54000)) (item (1850 48 0)))
(group (index 423) (money (600 50000)) (item (1850 48 0)))
(group (index 424) (money (600 51000)) (item (1850 48 0)))
(group (index 425) (money (600 54000)) (item (1850 48 0)))
(group (index 426) (money (600 58000)) (item (1850 48 0)))
(group (index 427) (money (600 62000)) (item (1850 48 0)))
(group (index 428) (money (600 91000)) (item (1850 48 0)))
(group (index 429) (money (600 92000)) (item (1850 48 0)))

;group E
(group (index 501) (item (800 362 0)))
(group (index 502) (item (800 396 0) (950 399 0) (950 414 0)))
(group (index 503) (item (800 397 0) (950 399 0) (950 414 0)))
(group (index 504) (item (800 398 0) (950 399 0) (950 414 0)))
(group (index 505) (item (800 387 0) (1070 400 0) (950 415 0) (950 401 0) (950 416 0)))
(group (index 506) (item (800 388 0) (1070 403 0) (950 418 0) (950 404 0) (950 419 0)))
(group (index 507) (item (800 399 0) (950 414 0)))
(group (index 508) (item (800 400 0) (1000 415 0) (950 401 0) (950 416 0) (1080 402 0) (900 417 0)))
(group (index 509) (item (800 403 0) (1000 418 0) (950 404 0) (950 419 0) (1080 405 0) (950 420 0)))
(group (index 510) (item (800 403 0) (1040 418 0) (1070 404 0) (950 419 0)))
(group (index 511) (item (800  405 0) (950 420 0) (950 406 0) (950 421 0)))
(group (index 512) (item (800  406 0) (950 421 0) (950 407 0) (950 422 0)))
(group (index 513) (item (800 407 0) (950 422 0) (900 408 0) (950 423 0) (950 409 0) (950 424 0)))
(group (index 514) (item (800 362 0) (900 243 0) (950 244 0) (950 441 0) (950 442 0)))
(group (index 515) (item (800 362 0) (900 246 0) (950 247 0)))
(group (index 516) (item (800 362 0) (900 249 0) (950 250 0)))
(group (index 517) (item (800 362 0) (900 243 0) (950 441 0) (950 246 0) (950 249 0)))
(group (index 518) (item (800 362 0) (900 244 0) (950 442 0) (900 247 0) (950 250 0)))
(group (index 519) (item (800 362 0) (900 245 0)))
(group (index 520) (item (800 362 0) (900 242 0) (900 440 0)))
(group (index 521) (item (800 362 0) (900 248 0)))
(group (index 522) (item (800 362 0) (900 245 0) (950 242 0) (900 248 0)))
(group (index 523) (item (800 362 0) (900 245 0) (950 440 0) (950 248 0)))
(group (index 524) (item (800 362 0) (900 243 0) (950 244 0) (950 441 0) (950 442 0) (900 460 0)))
(group (index 525) (item (800 362 0) (900 243 0) (950 244 0) (950 441 0) (950 442 0) (900 457 0)))
(group (index 526) (item (800 362 0) (900 246 0) (950 247 0) (950 463 0)))
(group (index 527) (item (800 362 0) (900 249 0) (950 250 0) (950 466 0)))
(group (index 528) (item (800 362 0) (900 115 0) (950 116 0)))
(group (index 529) (item (800 362 0) (900 103 0) (950 104 0)))
(group (index 530) (item (800 362 0) (900 109 0) (950 110 0)))
(group (index 531) (item (800 362 0) (900 463 0)))
(group (index 532) (item (800 362 0) (900 457 0)))
(group (index 533) (item (800 362 0) (900 466 0)))
(group (index 534) (item (800 362 0) (900 460 0)))
(group (index 535) (item (800 362 0) (900 457 0)))
(group (index 536) (item (800 362 0) (900 460 0)))
(group (index 537) (item (800 362 0) (900 463 0)))
(group (index 538) (item (800 362 0) (900 466 0)))
(group (index 539) (item (800 362 0) (900 457 0)))
(group (index 540) (item (800 362 0) (900 460 0)))
(group (index 541) (item (800 362 0) (900 463 0)))
(group (index 542) (item (800 362 0) (900 466 0)))
(group (index 543) (item (800 362 0) (900 457 0) (950 460 0)))
(group (index 544) (item (800 362 0) (900 463 0)))
(group (index 545) (item (800 362 0) (900 466 0)))
(group (index 546) (item (800 362 0)))
(group (index 547) (item (800 362 0) (900 242 0) (900 440 0) (950 248 0)))
(group (index 548) (item (800 362 0) (900 245 0) (950 248 0)))
(group (index 549) (item (800 362 0) (900 246 0) (950 247 0)))
(group (index 550) (item (800 362 0) (900 463 0) (950 566 0)))
(group (index 551) (item (800 362 0) (900 243 0) (950 244 0)))
(group (index 552) (item (800 362 0) (900 457 0) (950 560 0)))
(group (index 553) (item (800 362 0) (900 441 0) (950 442 0)))
(group (index 554) (item (800 362 0) (900 460 0) (950 563 0)))
(group (index 555) (item (800 362 0) (900 249 0) (950 250 0)))
(group (index 556) (item (800 362 0) (900 466 0) (950 569 0)))
(group (index 557) (item (800 362 0) (900 466 0) (950 463 0) (950 567 0) (950 570 0)))
(group (index 558) (item (800 362 0) (900 466 0) (950 457 0) (950 460 0) (950 561 0) (950 564 0)))
(group (index 559) (item (800 362 0) (900 463 0) (950 457 0) (950 460 0) (950 561 0) (950 564 0) (950 567 0)))
(group (index 560) (item (800 362 0) (900 463 0) (950 466 0) (950 567 0) (950 570 0)))
(group (index 561) (item (800 362 0) (900 457 0) (950 460 0) (950 466 0) (950 561 0) (950 564 0) (950 570 0)))
(group (index 562) (item (800 362 0) (900 457 0) (950 460 0) (950 463 0) (950 561 0) (950 564 0) (950 567 0)))
(group (index 563) (item (800 362 0) (900 248 0)))
(group (index 564) (item (800 362 0) (900 242 0) (900 440 0)))
(group (index 565) (item (800 362 0) (900 245 0)))

;group F
(group (index 601) (item (800 408 0) (950 423 0) (950 409 0) (950 424 0) (950 410 0) (950 425 0)))
(group (index 602) (item (800  410 0) (950 425 0) (950 411 0) (950 426 0)))

;group Quest
(group (index 901) (item (800 140 0)))
(group (index 902) (item (800 146 0)))
(group (index 903) (item (800 147 0)))
(group (index 904) (item (800 148 0)))
(group (index 905) (item (800 151 0)))
(group (index 906) (item (800 152 0)))
(group (index 907) (item (800 149 0)))
(group (index 908) (item (800 153 0) (1000 154 0)))
(group (index 909) (item (800 150 0)))
(group (index 910) (item (800 155 0)))
(group (index 911) (item (800 156 0)))
(group (index 912) (item (800 157 0)))
(group (index 913) (item (800 159 0)))
(group (index 914) (item (800 160 0)))
(group (index 915) (item (800 158 0)))
(group (index 916) (item (800 161 0)))
(group (index 917) (item (800 165 0)))
(group (index 918) (item (800 167 0)))
(group (index 919) (item (800 166 0)))
(group (index 920) (item (800 164 0)))
(group (index 921) (item (800 141 0)))
(group (index 922) (item (800 168 0)))
(group (index 923) (item (800 169 0)))
(group (index 924) (item (800 170 0)))
(group (index 925) (item (800 172 0)))
(group (index 926) (item (800 182 0)))
(group (index 927) (item (800 183 0)))
(group (index 928) (item (800 184 0)))
(group (index 929) (item (800 185 0)))
(group (index 930) (item (800 186 0)))
(group (index 931) (item (800 173 0)))
(group (index 932) (item (800 181 0)))
;전통주 이벤트
;(group (index 933) (item (800 197 0) (950 198 0) (950 199 0) (950 200 0) (1000 201 0)))
(group (index 934) (item (800 171 0)))
(group (index 935) (item (800 208 0)))
(group (index 936) (item (800 209 0)))
(group (index 937) (item (800 210 0)))
(group (index 938) (item (800 211 0)))
(group (index 939) (item (800 212 0)))
(group (index 940) (item (800 213 0)))
(group (index 941) (item (800 214 0)))
(group (index 942) (item (800 215 0)))
(group (index 943) (item (800 216 0)))
(group (index 944) (item (800 226 0)))
(group (index 945) (item (800 227 0)))
(group (index 946) (item (800 228 0)))
(group (index 947) (item (800 229 0)))
(group (index 948) (item (800 230 0)))
(group (index 949) (item (800 231 0)))
(group (index 950) (item (800 232 0)))
(group (index 951) (item (800 233 0)))
(group (index 952) (item (800 336 0)))
(group (index 953) (item (800 334 0)))
(group (index 954) (item (800 346 0)))
(group (index 955) (item (800 347 0)))
(group (index 956) (item (800 348 0)))
(group (index 957) (item (800 349 0)))
(group (index 958) (item (800 350 0)))
(group (index 959) (item (800 335 0)))
(group (index 960) (item (800 341 0)))
(group (index 961) (item (800 342 0)))
(group (index 962) (item (800 343 0)))
(group (index 963) (item (800 344 0)))
(group (index 964) (item (800 345 0)))
(group (index 965) (item (800 351) (950 352) (900 353) (900 354)))
(group (index 966) (item (800 351) (950 352) (900 353) (900 354)))
(group (index 967) (item (800 351) (950 352) (900 353) (900 354)))
(group (index 968) (item (800 355 0)))
(group (index 969) (item (800 357 0)))
(group (index 970) (item (800 358 0)))
(group (index 971) (item (130 359 0)))
(group (index 972) (money (600 10000) (950 30000) (1070 50000)) (item (800 48 0 100)))
(group (index 973) (item (800 366 0)))
(group (index 974) (item (128 366 0) (950 367 0)))
(group (index 975) (item (800 367 0)))
(group (index 976) (item (128 367 0) (950 368 0)))
(group (index 977) (item (800 368 0)))
(group (index 978) (item (800 369 0)))
(group (index 979) (item (800 369 0) (950 370 0)))
(group (index 980) (item (800 389 0) (950 387 0)))
(group (index 981) (item (800 390 0) (950 387 0)))
(group (index 982) (item (800 391 0) (950 387 0)))
(group (index 983) (item (800 392 0) (900 387 0)))
(group (index 984) (item (800 393 0) (950 387 0)))
(group (index 985) (item (800 394 0) (950 387 0)))
(group (index 986) (item (800 395 0) (950 388 0)))
(group (index 987) (item (800 370 0)))
(group (index 988) (item (800 432 0)))
(group (index 989) (item (800 433 0)))
(group (index 990) (item (800 434 0)))
(group (index 991) (item (800 435 0)))
(group (index 992) (item (800 436 0)))
(group (index 993) (item (800 437 0)))
(group (index 994) (item (800 438 0)))
(group (index 995) (item (800 439 0)))
(group (index 996) (item (800 448 0)))
(group (index 997) (item (800 456 0)))
(group (index 998) (item (800 449 0)))
(group (index 999) (item (800 450 0)))
(group (index 100) (item (800 451 0)))
(group (index 1001) (item (800 452 0)))
(group (index 1002) (item (800 453 0)))
(group (index 1003) (item (800 454 0)))
(group (index 1004) (item (800 455 0)))
(group (index 1005) (money (600 5000) (950 10000) (1090 30000))
			(item (1991 327 0) (1092 328 0) (1093 329 0) (1094 330 0) (1095 331 0)
			(900 332 0) (1097 323 0) (1098 324 0) (1099 325 0) (1000 326 0)))
(group (index 1006) (item (800 521 0) (1002 522 0)))
(group (index 1007) (item (800 521 0) (950 522 0)))
(group (index 1008) (item (800 521 0) (257 522 0)))
(group (index 1009) (item (800 521 0) (300010 522 0)))
(group (index 1010) (money (600 5000)))
(group (index 1011) (money (600 1000) (950 200) (1000 300)))
(group (index 1012) (item (800 21 0) (1001 27 0) (1051 96 0) (1084 60 0) (950 63 0) (950 97 0) 
		    (900 16 0) (950 17 0) (950 18 0) (950 19 0) (950 20 0) (950 42 0) 
		    (900 43 0) (950 44 0) (950 45 0) (1050 46 0) (950 80 0) (1050 81 0) 
		    (900 82 0) (1050 83 0) (1000 84 0)))
(group (index 1013) (money (600 3000)) 
		    (item (800 275 0) (950 283 0) (950 291 0) (950 299 0) (950 307 0)
		    (900 278 0) (950 279 0) (950 286 0) (950 287 0) (1050 294 0) (950 295 0) 
		    (900 302 0) (900 303 0) (1050 310 0) (1000 311 0)))
(group (index 1014) (money (600 5000) (950 800) (1000 100)))
(group (index 1015) (item (800 61 0) (1001 64 0) (1051 98 0) (1084 99 0) (950 105 0) (950 111 0)
	            (900 49 0) (950 50 0) (950 51 0) (950 52 0) (900 53 0) (950 54 0)
		    (900 55 0) (950 56 0) (950 57 0) (1050 58 0) (950 85 0) (1050 86 0)
		    (900 87 0) (1050 88 0) (1000 89 0)))
(group (index 1016) (money (600 3000)) 
		    (item (800 276 0) (950 284 0) (950 292 0) (900 300 0) (950 308 0) (500005 279 0)
		    (900 280 0) (950 287 0) (950 288 0) (950 295 0) (950 296 0) (1075 303 0)
		    (900 304 0) (1065 311 0) (1010 312 0) (1055 315 0) (1000 317 0)))
(group (index 1017) (money (600 1500) (950 2000) (1000 2500)))
(group (index 1018) (item (800 100 0) (950 101 0) (950 102 0) (1027 106 0) (1047 107 0) (1067 107 0)
		    (900 112 0) (900 113 0) (950 114 0) (950 49 0) (950 50 0) (950 51 0) (950 52 0)
		    (900 53 0) (950 54 0) (950 55 0) (950 56 0) (950 57 0) (1050 58 0) (950 85 0)
		    (900 86 0) (950 87 0) (1050 88 0) (1000 89 0)))
(group (index 1019) (money (600 3000) (950 4000) (1000 5000)))
(group (index 1020) (item (800 103 0) (950 104 0) (950 109 0) (950 110 0) (950 115 0) (950 116 0) (1026 117 0)
		    (900 118 0) (950 119 0) (950 120 0) (950 121 0) (950 122 0) (900 123 0) (950 124 0)
		    (900 125 0) (950 126 0) (1052 127 0) (1014 128 0) (1076 129 0) (1038 130 0) (1000 131 0)))
(group (index 1021) (money (600 7000) (950 8000) (1000 10000)))
(group (index 1022) (money (600 2000)) 
		    (item (800 277 0) (950 285 0) (950 293 0) (950 301 0) (950 309 0)
		    (900 280 0) (950 281 0) (950 288 0) (950 289 0) (950 296 0) (950 297 0) (1075 304 0)
		    (900 305 0) (1065 312 0) (1010 313 0) (1055 316 0) (1000 318 0)))
(group (index 1023) (money (600 2000) (950 2500) (1000 3000)))
(group (index 1024) (money (600 2050) (950 3000)) 
		    (item (800 572 0) (900 573 0) (950 574 0) (950 578 0) (950 579 0) (950 580 0)
		    (900 581 0) (950 582 0) (900 583 0) (1020 251 0) (1040 252 0) (1060 253 0) (1080 254 0)
		    (900 255 0) (1020 256 0) (1040 257 0) (1060 258 0) (1080 259 0) (950 260 0) (1020 261 0)
		    (940 262 0) (1060 263 0) (1080 264 0) (1000 265 0)))
(group (index 1025) (money (600 4000) (950 4500) (1000 5000)))
(group (index 1026) (money (600 4500) (950 5000)) 
		    (item (1530 242 0) (900 243 0) (950 244 0) (950 440 0) (950 441 0) (950 442 0)
		    (900 245 0) (950 246 0) (950 247 0) (950 248 0) (950 249 0) (950 250 0) (1020 251 0)
		    (740 252 0) (1060 253 0) (1080 254 0) (950 255 0) (1020 256 0) (1040 257 0) (1060 258 0) 
		    (880 259 0) (950 260 0) (1020 261 0) (1040 262 0) (1060 263 0) (1080 264 0) (1000 265 0)))
(group (index 1027) (money (600 7000)) 
		    (item (800 327 0) (950 328 0) (950 329 0) (950 330 0) (950 331 0) (1050 332 0)
		    (900 277 0) (1050 285 0) (950 293 0) (1050 301 0) (1000 309 0)))
(group (index 1028) (money (600 7000) (950 8000) (1000 10000)))
;나무상자 드롭
(group (index 1030) (money (600 1000)) 
		    (item (800 47 0) (950 366 0) (950 638 0) (1000 366 0)))
(group (index 1031) (money (600 3000)) 
		    (item (800 47 0) (950 366 0) (950 638 0) (1000 366 0)))
(group (index 1032) (money (600 6000)) 
		    (item (800 48 0) (950 367 0) (950 638 0) (1000 367 0)))
(group (index 1033) (money (600 1000)) 
		    (item (800 48 0) (950 367 0) (950 638 0) (1050 367 0) (1000 367 0)))
(group (index 1034) (money (600 1500)) 
		    (item (800 48 0) (950 368 0) (950 638 0) (1050 368 0) (1000 368 0)))
(group (index 1035) (money (600 2000)) 
		    (item (800 48 0) (950 369 0) (950 638 0) (1050 369 0) (1000 369 0)))
(group (index 1036) (money (600 3000)) 
		    (item (800 48 0) (950 370 0) (950 638 0) (1050 370 0) (1000 370 0)))
(group (index 1037) (item (800 396 0)))
(group (index 1038) (item (800 397 0)))
(group (index 1039) (item (800 398 0)))
;(group (index 1040) (item (800 653 0)))
;설날이벤트 아이템 추가 드롭
;(group (index 1041) (item (800 868 0) (950 869 0) (950 870 0) (950 871 0) (950 872 0) 
;                          (900 873 0) (950 874 0) (950 875 0) (950 876 0) (950 877 0) (950 878 0)))




;(group (index 1011) (money (확률 돈량)) (item (1확률 아이템인덱스 접두사인덱스)))
;(group (index ) (money () 	) (item (800) 	))



;아이템그룹
(itemgroup (index 1) (group (9 101) (950 201) (950 316) (950 502)))
(itemgroup (index 2) (group (9 102) (900 201) (950 316) (950 503)))
(itemgroup (index 3) (group (9 103) (900 202) (900 316) (950 504)))
(itemgroup (index 4) (group (9 104) (900 202) (900 316) (950 507)))
(itemgroup (index 5) (group (9 105) (900 203) (900 316) (950 507)))
(itemgroup (index 6) (group (9 106) (950 204) (900 316) (950 507)))
(itemgroup (index 7) (group (9 107) (900 205) (900 316) (950 507)))
(itemgroup (index 8) (group (9 108) (1000 206)))
(itemgroup (index 9) (group (9 109) (900 207) (900 316) (950 507)))
(itemgroup (index 10) (group (9 110) (950 208) (900 508)))
(itemgroup (index 11) (group (9 111) (950 209) (900 317) (900 505)))
(itemgroup (index 12) (group (9 112) (900 210) (950 317) (900 505)))
(itemgroup (index 13) (group (9 113) (900 402) (900 211) (950 318) (900 508)))
(itemgroup (index 14) (group (9 114) (900 403) (900 212) (900 317) (900 505)))
(itemgroup (index 15) (group (9 115) (900 404) (900 223) (900 317) (900 505)))
(itemgroup (index 16) (group (9 116) (950 405) (900 213) (900 318) (900 508)))
(itemgroup (index 17) (group (9 117) (900 406) (950 224) (900 318) (900 508)))
(itemgroup (index 18) (group (9 118) (900 407) (900 214) (900 318) (900 508)))
(itemgroup (index 19) (group (9 119) (900 408) (900 215) (900 318) (900 509)))
(itemgroup (index 20) (group (9 120) (950 409) (900 216) (950 318) (900 509)))
(itemgroup (index 21) (group (9 121) (950 410) (950 217) (900 318) (900 506)))
(itemgroup (index 22) (group (9 122) (900 411) (950 218) (900 318) (900 509)))
(itemgroup (index 23) (group (9 123) (900 412) (900 219) (900 318) (900 510)))
(itemgroup (index 24) (group (9 124) (900 413) (900 225) (900 318) (900 509)))
(itemgroup (index 25) (group (9 125) (900 414) (900 220) (950 318) (900 510)))
(itemgroup (index 26) (group (9 126) (950 415) (900 221) (950 318) (900 509)))
(itemgroup (index 27) (group (9 127) (900 222) (900 318) (900 509)))
(itemgroup (index 28) (group (9 128) (900 226) (950 318) (900 510)))
(itemgroup (index 29) (group (9 129) (900 416) (950 227) (900 301) (950 511)))
(itemgroup (index 30) (group (9 130) (950 417) (900 228) (900 302) (900 511)))
(itemgroup (index 31) (group (9 131) (950 418) (900 229) (900 303) (900 511)))
(itemgroup (index 32) (group (9 132) (900 419) (900 230) (950 304) (900 511)))
(itemgroup (index 33) (group (9 133) (900 420) (950 231) (950 305) (900 511)))
(itemgroup (index 34) (group (9 134) (900 421) (950 232) (900 306) (950 511)))
(itemgroup (index 35) (group (9 135) (900 422) (900 239) (900 307) (900 511)))
(itemgroup (index 36) (group (9 136) (950 423) (900 233) (900 308) (900 512)))
(itemgroup (index 37) (group (9 137) (900 424) (900 234) (900 309) (900 512)))
(itemgroup (index 38) (group (9 138) (900 425) (900 235) (900 310) (1060 512)))
(itemgroup (index 39) (group (9 139) (900 426) (950 236) (950 311) (950 512)))
(itemgroup (index 40) (group (9 140) (950 427) (900 237) (900 312) (900 512)))
(itemgroup (index 41) (group (9 141) (950 428) (900 238) (900 512)))
(itemgroup (index 42) (group (9 142) (900 429) (900 238) (900 313) (900 512)))
(itemgroup (index 43) (group (9 143) (900 240) (950 314) (900 513)))
(itemgroup (index 44) (group (9 144) (900 241) (950 314) (900 513)))
(itemgroup (index 45) (group (9 145) (900 242) (900 314) (900 513)))
(itemgroup (index 46) (group (9 146) (950 243) (900 314) (900 513)))
(itemgroup (index 47) (group (9 147) (900 244) (900 314) (900 513)))
(itemgroup (index 48) (group (9 148) (900 245) (900 314) (900 513)))
(itemgroup (index 49) (group (9 149) (900 246) (950 314) (900 513)))
(itemgroup (index 50) (group (9 150) (950 247) (900 315) (900 528) (900 601)))
(itemgroup (index 51) (group (9 151) (950 248) (900 315) (900 529) (900 601)))
(itemgroup (index 52) (group (9 152) (900 249) (900 315) (900 530) (1021 601)))
(itemgroup (index 53) (group (9 153) (8550 250) (1060 315) (900 501) (950 601)))
(itemgroup (index 54) (group (9 154) (900 251) (950 315) (900 530) (1021 601)))
(itemgroup (index 55) (group (9 155) (900 252) (900 319) (900 529) (900 601)))
(itemgroup (index 56) (group (9 156) (950 253) (900 319) (900 528) (900 601)))
(itemgroup (index 57) (group (9 157) (900 254) (900 320) (1025 519) (900 602)))
(itemgroup (index 58) (group (9 158) (900 255) (900 320) (1025 520) (1075 602)))
(itemgroup (index 59) (group (9 159) (900 256) (950 320) (1025 521) (950 602)))
(itemgroup (index 60) (group (9 160) (1060 257) (900 320) (1014 522) (900 602)))
(itemgroup (index 61) (group (9 161) (950 258) (900 320) (1014 523) (900 602)))
(itemgroup (index 62) (group (9 162) (900 259) (900 320) (1026 514) (900 602)))
(itemgroup (index 63) (group (9 163) (900 260) (1026 320) (1027 514) (900 602)))
(itemgroup (index 64) (group (9 164) (900 261) (950 320) (1028 524) (900 602)))
(itemgroup (index 65) (group (9 165) (900 262) (900 320) (1029 525) (900 602)))
(itemgroup (index 66) (group (9 162) (900 263) (900 320) (1026 515) (900 602)))
(itemgroup (index 67) (group (9 163) (900 264) (900 320) (1027 515) (900 602)))
(itemgroup (index 68) (group (9 164) (900 265) (900 320) (1028 526) (950 602)))
(itemgroup (index 69) (group (9 165) (900 266) (950 320) (1029 526) (950 602)))
(itemgroup (index 70) (group (9 162) (900 267) (900 320) (1026 516) (950 602)))
(itemgroup (index 71) (group (9 163) (900 268) (900 320) (1027 516) (950 602)))
(itemgroup (index 72) (group (9 164) (900 269) (900 320) (1028 527) (900 602)))
(itemgroup (index 73) (group (9 165) (900 270) (1028 320) (1029 527) (900 602)))
(itemgroup (index 74) (group (9 162) (900 271) (950 320) (1013 517) (900 602)))
(itemgroup (index 75) (group (9 163) (900 272) (900 320) (1014 518) (900 602)))
(itemgroup (index 76) (group (9 164) (900 273) (900 320) (1015 517) (900 602)))
(itemgroup (index 77) (group (9 165) (900 274) (900 320) (1015 518) (900 602)))
(itemgroup (index 78) (group (9 166) (950 275) (900 321) (950 531)))
(itemgroup (index 79) (group (9 166) (950 276) (950 321) (950 532)))
(itemgroup (index 80) (group (9 166) (950 277) (900 321) (950 533)))
(itemgroup (index 81) (group (9 166) (950 278) (900 321) (950 534)))
(itemgroup (index 82) (group (9 167) (900 279) (900 321) (950 535)))
(itemgroup (index 83) (group (9 167) (900 280) (950 321) (950 536)))
(itemgroup (index 84) (group (9 167) (900 281) (950 321) (950 537)))
(itemgroup (index 85) (group (9 167) (900 282) (900 321) (950 538)))
(itemgroup (index 86) (group (9 168) (900 283) (900 321) (950 539)))
(itemgroup (index 87) (group (9 168) (900 284) (900 321) (950 540)))
(itemgroup (index 88) (group (9 168) (900 285) (900 321) (950 541)))
(itemgroup (index 89) (group (9 168) (900 286) (950 321) (950 542)))
(itemgroup (index 90) (group (9 169) (900 287) (900 321) (950 543)))
(itemgroup (index 91) (group (9 169) (900 288) (900 321) (950 544)))
(itemgroup (index 92) (group (9 169) (900 289) (900 321) (950 545)))
(itemgroup (index 93) (group (9 170) (950 290) (950 321) (950 546)))
(itemgroup (index 94) (group (9 171) (950 291) (950 321) (950 546)))
(itemgroup (index 95) (group (9 172) (900 292) (900 320) (1016 547)))
(itemgroup (index 96) (group (9 172) (900 293) (900 320) (1016 548)))
(itemgroup (index 97) (group (9 173) (900 294) (900 320) (900 549)))
(itemgroup (index 98) (group (9 174) (900 295) (900 320) (950 549)))
(itemgroup (index 99) (group (9 166) (950 296) (900 322) (900 550)))
(itemgroup (index 100) (group (9 167) (900 297) (900 322) (900 550)))
(itemgroup (index 101) (group (9 173) (900 298) (900 320) (1028 551)))
(itemgroup (index 102) (group (9 174) (900 299) (900 320) (950 551)))
(itemgroup (index 103) (group (9 166) (950 701) (900 322) (900 552)))
(itemgroup (index 104) (group (9 167) (900 702) (900 322) (900 552)))
(itemgroup (index 105) (group (9 173) (900 703) (900 320) (1028 553)))
(itemgroup (index 106) (group (9 174) (900 704) (900 320) (950 553)))
(itemgroup (index 107) (group (9 166) (950 705) (900 322) (900 554)))
(itemgroup (index 108) (group (9 167) (900 706) (900 322) (900 554)))
(itemgroup (index 109) (group (9 173) (900 707) (900 320) (1028 555)))
(itemgroup (index 110) (group (9 174) (900 708) (900 320) (950 555)))
(itemgroup (index 111) (group (9 166) (950 709) (900 322) (900 556)))
(itemgroup (index 112) (group (9 167) (900 710) (900 322) (900 556)))
(itemgroup (index 113) (group (9 167) (900 711) (900 322) (900 557)))
(itemgroup (index 114) (group (9 175) (900 712) (900 322) (900 558)))
(itemgroup (index 115) (group (900 176) (950 713) (700 322) (600 559)))
(itemgroup (index 116) (group (9 177) (900 714) (900 322) (900 560)))
(itemgroup (index 117) (group (9 178) (900 715) (900 322) (900 561)))
(itemgroup (index 118) (group (9 179) (900 716) (900 322) (900 562)))
(itemgroup (index 119) (group (9 180) (950 717) (900 322) (900 560)))
(itemgroup (index 120) (group (9 181) (950 718) (900 322) (900 559)))
(itemgroup (index 121) (group (9 182) (900 719) (900 322)))
(itemgroup (index 122) (group (9 182) (900 720) (900 322)))
(itemgroup (index 123) (group (9 182) (900 721) (900 322)))
(itemgroup (index 124) (group (9 183) (900 722) (900 322)))
(itemgroup (index 125) (group (9 184) (900 722) (900 322)))
(itemgroup (index 126) (group (9 185) (900 722) (900 322)))
(itemgroup (index 127) (group (9 186) (900 723) (900 322)))
(itemgroup (index 128) (group (9 187) (900 724) (900 319) (900 563)))
(itemgroup (index 129) (group (9 188) (900 725) (900 319) (900 564)))
(itemgroup (index 130) (group (9 189) (900 726) (950 319) (900 565)))
(itemgroup (index 131) (group (9 190) (1065 727) (900 319) (900 501)))
(itemgroup (index 132) (group (9 191) (950 728) (900 319) (900 565)))
(itemgroup (index 133) (group (9 192) (900 729) (900 319) (900 564)))
(itemgroup (index 134) (group (9 193) (900 730) (1070 319) (900 563)))
(itemgroup (index 135) (group (9 194) (900 2052) (915 731) (910 322)))
(itemgroup (index 136) (group (9 195) (900 2053) (900 732) (900 322)))
(itemgroup (index 137) (group (9 196) (950 2054) (900 733) (900 322)))
(itemgroup (index 138) (group (9 196) (950 2055) (900 731) (900 322)))
(itemgroup (index 139) (group (9 197) (900 2056) (950 732) (900 322)))
(itemgroup (index 140) (group (9 198) (900 2057) (900 733) (900 322)))
(itemgroup (index 141) (group (9 198) (900 2058) (900 731) (900 322)))
(itemgroup (index 142) (group (9 199) (900 2059) (900 732) (900 322)))
(itemgroup (index 143) (group (9 200) (950 2060) (1031 733) (900 322)))
(itemgroup (index 144) (group (9 2001) (950 2061) (950 731) (900 322)))
(itemgroup (index 145) (group (9 2002) (900 2062) (900 732) (900 322)))
(itemgroup (index 146) (group (9 2003) (900 2063) (900 733) (900 322)))
(itemgroup (index 147) (group (9 2004) (900 2064) (900 731) (900 322)))
(itemgroup (index 148) (group (9 2005) (900 2065) (900 732) (900 322)))
(itemgroup (index 149) (group (9 2006) (950 2066) (950 733) (900 322)))
(itemgroup (index 150) (group (9 2007) (900 2067) (900 731) (900 322)))
(itemgroup (index 151) (group (9 2008) (900 2068) (900 732) (900 322)))
(itemgroup (index 152) (group (9 2009) (900 2069) (900 733) (900 322)))
(itemgroup (index 153) (group (9 2010) (950 2070) (1031 731) (900 322)))
(itemgroup (index 154) (group (9 2011) (950 2071) (950 732) (900 322)))
(itemgroup (index 155) (group (9 2012) (900 2072) (900 733) (900 322)))
(itemgroup (index 156) (group (9 2013) (900 2073) (900 734) (900 322)))
(itemgroup (index 157) (group (9 2014) (900 2074) (900 735) (900 322)))
(itemgroup (index 158) (group (9 2015) (900 2075) (900 736) (900 322)))
(itemgroup (index 159) (group (9 2016) (950 2076) (950 736) (900 322)))
(itemgroup (index 160) (group (9 2017) (900 2077) (900 735) (900 322)))
(itemgroup (index 161) (group (9 2018) (900 2078) (900 734) (900 322)))
(itemgroup (index 162) (group (9 2019) (900 2079) (900 734) (900 322)))
(itemgroup (index 163) (group (9 2020) (950 2080) (1031 735) (900 322)))
(itemgroup (index 164) (group (9 2021) (950 2081) (950 736) (900 322)))
(itemgroup (index 165) (group (9 2022) (900 2082) (900 737) (900 322)))
(itemgroup (index 166) (group (9 2023) (900 2083) (900 738) (900 322)))
(itemgroup (index 167) (group (9 2024) (900 2084) (900 739) (900 322)))
(itemgroup (index 168) (group (9 2025) (900 2085) (900 739) (900 322)))
(itemgroup (index 169) (group (9 2026) (950 2086) (950 738) (900 322)))
(itemgroup (index 170) (group (9 2027) (900 2087) (900 737) (900 322)))
(itemgroup (index 171) (group (9 2028) (900 2088) (900 737) (900 322)))
(itemgroup (index 172) (group (9 2029) (900 2089) (900 738) (900 322)))
(itemgroup (index 173) (group (9 2030) (1025 2090) (1026 739) (900 322)))
(itemgroup (index 174) (group (9 2031) (950 2091) (950 739) (900 322)))
(itemgroup (index 175) (group (9 2030) (1025 2092) (900 738) (900 322)))
(itemgroup (index 176) (group (9 2031) (950 2093) (900 737) (900 322)))
(itemgroup (index 177) (group (9 2032) (900 2094) (900 737) (900 322)))
(itemgroup (index 178) (group (9 2033) (900 2095) (900 738) (900 322)))
(itemgroup (index 179) (group (9 2034) (900 2096) (950 739) (900 322)))
(itemgroup (index 180) (group (9 2035) (900 2097) (900 739) (900 322)))
(itemgroup (index 181) (group (9 2036) (950 2098) (900 738) (900 322)))
(itemgroup (index 182) (group (9 2037) (900 2099) (900 737) (900 322)))
(itemgroup (index 183) (group (9 2038) (900 2100) (950 737) (900 322)))
(itemgroup (index 184) (group (9 2039) (900 2101) (950 738) (900 322)))
(itemgroup (index 185) (group (9 2040) (950 2102) (900 739) (900 322)))
(itemgroup (index 186) (group (10 2041) (950 2103) (900 739) (900 322)))
(itemgroup (index 187) (group (10 2042) (900 2104) (900 738) (900 322)))
(itemgroup (index 188) (group (10 2043) (900 2105) (900 737) (900 322)))
(itemgroup (index 189) (group (10 2044) (900 2106) (950 737) (900 322)))
(itemgroup (index 190) (group (10 2045) (900 2107) (900 738) (900 322)))
(itemgroup (index 191) (group (10 2046) (950 2108) (900 739) (900 322)))
(itemgroup (index 192) (group (900 2047) (950 2049) (1000 2051) (1001 2123)))
(itemgroup (index 193) (group (9 2048)))
(itemgroup (index 194) (group (9 2109) (900 2110) (1016 2111) (950 2112) (900 2113) (900 2114))) 
(itemgroup (index 195) (group (9 2109) (900 2110) (1016 2111) (950 2112) (900 2113) (900 2115)))
(itemgroup (index 196) (group (9 2109) (900 2110) (1016 2111) (950 2112) (900 2113) (900 2116)))
(itemgroup (index 197) (group (9 2109) (900 2110) (1016 2111) (950 2112) (900 2113) (900 2117)))
(itemgroup (index 198) (group (9 2109) (900 2110) (1016 2111) (950 2112) (900 2113) (900 2118)))
(itemgroup (index 199) (group (9 2119) (900 2120) (1070 2121) ))

(itemgroup (index 901) (group (10 901)))
(itemgroup (index 902) (group (10 902)))
(itemgroup (index 903) (group (9 903)))
(itemgroup (index 904) (group (9 904)))
(itemgroup (index 905) (group (9 905)))
(itemgroup (index 906) (group (9 906)))
(itemgroup (index 907) (group (9 907)))
(itemgroup (index 908) (group (9 908)))
(itemgroup (index 909) (group (9 909)))
(itemgroup (index 910) (group (9 910)))
(itemgroup (index 911) (group (9 911)))
(itemgroup (index 912) (group (9 912)))
(itemgroup (index 913) (group (9 913)))
(itemgroup (index 914) (group (9 914)))
(itemgroup (index 915) (group (9 915)))
(itemgroup (index 916) (group (9 916)))
(itemgroup (index 917) (group (9 917)))
(itemgroup (index 918) (group (9 918)))
(itemgroup (index 919) (group (9 919)))
(itemgroup (index 920) (group (9 920)))
(itemgroup (index 921) (group (9 921)))
(itemgroup (index 922) (group (9 922)))
(itemgroup (index 923) (group (9 923)))
(itemgroup (index 924) (group (9 924)))
(itemgroup (index 925) (group (9 925)))
(itemgroup (index 926) (group (9 926)))
(itemgroup (index 927) (group (9 927)))
(itemgroup (index 928) (group (9 928)))
(itemgroup (index 929) (group (9 929)))
(itemgroup (index 930) (group (9 930)))
(itemgroup (index 931) (group (9 931)))
(itemgroup (index 932) (group (9 932)))
;(itemgroup (index 933) (group (9 933)))
(itemgroup (index 934) (group (9 934)))
(itemgroup (index 935) (group (9 935)))
(itemgroup (index 936) (group (9 936)))
(itemgroup (index 937) (group (9 937)))
(itemgroup (index 938) (group (9 938)))
(itemgroup (index 939) (group (9 939)))
(itemgroup (index 940) (group (9 940)))
(itemgroup (index 941) (group (9 941)))
(itemgroup (index 942) (group (9 942)))
(itemgroup (index 943) (group (9 943)))
(itemgroup (index 944) (group (9 944)))
(itemgroup (index 945) (group (10 945)))
(itemgroup (index 946) (group (10 946)))
(itemgroup (index 947) (group (10 947)))
(itemgroup (index 948) (group (10 948)))
(itemgroup (index 949) (group (10 949)))
(itemgroup (index 950) (group (10 950)))
(itemgroup (index 951) (group (10 951)))
(itemgroup (index 952) (group (10 952)))
(itemgroup (index 953) (group (10 953)))
(itemgroup (index 954) (group (10 954)))
(itemgroup (index 955) (group (10 955)))
(itemgroup (index 956) (group (10 956)))
(itemgroup (index 957) (group (10 957)))
(itemgroup (index 958) (group (10 958)))
(itemgroup (index 959) (group (10 959)))
(itemgroup (index 960) (group (10 960)))
(itemgroup (index 961) (group (10 961)))
(itemgroup (index 962) (group (10 962)))
(itemgroup (index 963) (group (10 963)))
(itemgroup (index 964) (group (10 964)))
(itemgroup (index 965) (group (10 965)))
(itemgroup (index 966) (group (10 966)))
(itemgroup (index 967) (group (10 967)))
(itemgroup (index 968) (group (10 968)))
(itemgroup (index 969) (group (10 969)))
(itemgroup (index 970) (group (10 970)))
(itemgroup (index 971) (group (10 971)))
(itemgroup (index 972) (group (10 972)))
(itemgroup (index 973) (group ))
(itemgroup (index 974) (group ))
(itemgroup (index 975) (group ))
(itemgroup (index 976) (group ))
(itemgroup (index 977) (group ))
(itemgroup (index 978) (group ))
(itemgroup (index 979) (group ))
(itemgroup (index 980) (group (10 980)))
(itemgroup (index 981) (group (10 981)))
(itemgroup (index 982) (group (10 982)))
(itemgroup (index 983) (group (10 983)))
(itemgroup (index 984) (group (10 984)))
(itemgroup (index 985) (group (10 985)))
(itemgroup (index 986) (group (10 986)))
(itemgroup (index 987) (group ))
(itemgroup (index 988) (group (10 988)))
(itemgroup (index 989) (group (10 989)))
(itemgroup (index 990) (group (10 990)))
(itemgroup (index 991) (group (10 991)))
(itemgroup (index 992) (group (10 992)))
(itemgroup (index 993) (group (10 993)))
(itemgroup (index 994) (group (10 994)))
(itemgroup (index 995) (group (10 995)))
(itemgroup (index 996) (group (10 996)))
(itemgroup (index 997) (group (10 997)))
(itemgroup (index 998) (group (10 998)))
(itemgroup (index 999) (group (10 999)))
(itemgroup (index 1000) (group (10 100)))
(itemgroup (index 1001) (group (10 1001)))
(itemgroup (index 1002) (group (10 1002)))
(itemgroup (index 1003) (group (10 1003)))
(itemgroup (index 1004) (group (10 1004)))
(itemgroup (index 1005) (group (9 1005) (900 1010)))
(itemgroup (index 1006) (group (10 1006)))
(itemgroup (index 1007) (group (10 1007)))
(itemgroup (index 1008) (group (10 1008)))
(itemgroup (index 1009) (group (10 1009)))
;(itemgroup (index 1010) (group (9 1011) (950 1012) (900 1013)))
;(itemgroup (index 1011) (group (9 1014) (900 1015) (900 1016)))
;(itemgroup (index 1012) (group (9 1017) (900 1018) (900 1016)))
;(itemgroup (index 1013) (group (9 1019) (900 1020) (1000 1016)))
;(itemgroup (index 1014) (group (9 1021) (950 1020) (1000 1022)))
;(itemgroup (index 1015) (group (9 1023) (900 1024) (900 1022)))
;(itemgroup (index 1016) (group (9 1025) (900 1026) (950 1027)))
;(itemgroup (index 1017) (group (9 1028) (900 1029) (900 1027)))
;나무상자
(itemgroup (index 1018) (group (10 1030)))
(itemgroup (index 1019) (group (10 1031)))
(itemgroup (index 1020) (group (10 1032)))
(itemgroup (index 1021) (group (10 1033)))
(itemgroup (index 1022) (group (10 1034)))
(itemgroup (index 1023) (group (10 1035)))
(itemgroup (index 1024) (group (10 1036)))
(itemgroup (index 1025) (group (9 1037)))
(itemgroup (index 1026) (group (9 1038)))
(itemgroup (index 1027) (group (9 1039)))
;(itemgroup (index 1028) (group (10 1040)))
;설날이벤트 아이템 추가 드롭
;(itemgroup (index 1029) (group (10 1041)))
(itemgroup (index 1030) (group (10 2124)))
(itemgroup (index 1031) (group (10 2125)))




;(itemgroup (index 인덱스) (group (확률 소분류인덱스) () ()))
;(itemgroup (index ) (group () 	))


